SVC_CD|MODIFIER_1|FEE|AGE_UNIT|FROM_AGE|THROUGH_AGE|PLACE_OF_SERVICE_CODE
10004||45.05||||
10005||111.69||||
10006||51.75||||
10007||259.49||||
10008||145.57||||
10009||428.52||||
10010||256.89||||
10030||133.28||||
10060||42.44||||
10120||51.75||||
10140||49.89||||
10160||46.91||||
10180||117.65||||
11000||19.36||||
11010||225.24||||
11011||282.2||||
11012||384.96||||
11042||103.87||||
11043||157.11||||
11044||202.53||||
11045||14.6||||
11046||31.27||||
11047||54.36||||
11055||16.75||||
11056||25.32||||
11057||26.81||||
11102||89.35||||
11103||48.03||||
11104||112.06||||
11105||54.73||||
11106||135.89||||
11107||64.78||||
11200||31.65||||
11420||53.24||||
11421||67.01||||
11422||74.09||||
11423||86.75||||
11424||100.89||||
11426||240.13||||
11620||84.14||||
11621||126.21||||
11622||166.79||||
11623||183.17||||
11624||209.6||||
11626||269.55||||
11720||19.73||||
11721||33.51||||
11730||32.02||||
11732||14.89||||
11740||19.59||||
11750||84.14||||
11760||100.89||||
11765||52.87||||
11900||21.22||||
11901||30.16||||
11960||362.62||||
11981||208.86||||
11982||112.43||||
11983||181.31||||
12001||69.99||||
12002||74.46||||
12004||84.14||||
12005||102.01||||
12041||93.82||||
12042||100.15||||
12044||107.97||||
12045||122.86||||
13131||129.19||||
13132||253.16||||
13133||17.5||||
13160||548.4||||
14040||337.3||||
14350||502.98||||
15004||325.02||||
15050||158.6||||
15100||265.45||||
15115||624.35||||
15116||134.4||||
15120||463.89||||
15121||84.51||||
15135||668.28||||
15136||78.93||||
15155||551.38||||
15156||141.85||||
15157||157.48||||
15240||337.3||||
15241||148.92||||
15275||83.09||||
15276||20.36||||
15277||177.15||||
15278||45.42||||
15574||580.42||||
15620||253.16||||
15769||424.38||||
15773||518.7||||
15774||155.27||||
15851||42.07||||
16000||32.02||||
16020||31.65||||
16035||251.67||||
17000||69.8||||
17003||5.96||||
17004||144.45||||
17106||185.78||||
17107||316.46||||
17108||685.78||||
17110||99.78||||
17111||118.02||||
17270||47.65||||
17271||56.96||||
17272||68.13||||
17273||80.04||||
17274||100.52||||
17276||124.72||||
20103||182.43||||
20200||54.36||||
20205||108.71||||
20500||105.73||||
20501||223.38||||
20520||112.43||||
20525||290.02||||
20550||45.79||||
20551||52.49||||
20552||52.49||||
20553||56.22||||
20560||23.24||||
20561||34.44||||
20600||32.39||||
20604||39.46||||
20605||37.97||||
20606||45.05||||
20650||104.62||||
20670||115.79||||
20680||151.9||||
27605||176.47||||
27606||218.17||||
27607||409.16||||
27610||379.37||||
27612||421.82||||
27613||132.91||||
27614||262.47||||
27615||864.85||||
27616||1051.38||||
27618||497.39||||
27619||368.95||||
27620||379.37||||
27625||505.96||||
27626||548.03||||
27630||259.12||||
27632||341.4||||
27634||554.73||||
27647||730.08||||
27648||160.09||||
27650||463.89||||
27652||590.1||||
27654||590.1||||
27658||288.53||||
27659||337.3||||
27664||243.48||||
27665||316.46||||
27675||278.11||||
27676||291.14||||
27680||220.77||||
27681||253.16||||
27685||295.23||||
27686||295.23||||
27687||328.74||||
27690||337.3||||
27691||421.82||||
27692||84.14||||
27695||421.82||||
27696||557.33||||
27698||584.51||||
27760||176.93||||
27762||252.05||||
27766||379.37||||
27767||190.99||||
27768||291.88||||
27769||501.86||||
27786||173.92||||
27788||220.77||||
27792||379.37||||
27808||352.2||||
27810||250.19||||
27814||505.96||||
27816||182.97||||
27818||260.24||||
27822||785.55||||
27823||840.28||||
27824||189.87||||
27825||330.23||||
27826||743.11||||
27827||904.32||||
27828||965.37||||
27829||546.54||||
27840||170.32||||
27842||191.36||||
27846||505.96||||
27848||677.59||||
27860||93.82||||
27870||717.05||||
28001||123.23||||
28002||206.25||||
28003||557.33||||
28005||570.36||||
28008||183.92||||
28010||147.8||||
28011||193.22||||
28020||253.16||||
28022||189.87||||
28024||186.52||||
28035||370.81||||
28039||405.81||||
28041||371.56||||
28043||301.94||||
28047||774.76||||
28050||253.16||||
28052||168.28||||
28054||160.09||||
28055||335.18||||
28060||253.16||||
28062||483.25||||
28070||253.16||||
28072||200.67||||
28080||164.18||||
28086||295.23||||
28088||231.94||||
28090||183.92||||
28092||182.43||||
28100||253.54||||
28104||205.88||||
28108||170.14||||
28110||187.64||||
28111||328.74||||
28112||198.81||||
28113||203.28||||
28114||505.96||||
28116||295.23||||
28118||295.23||||
28119||295.23||||
28120||276.99||||
28122||276.62||||
28124||208.86||||
28126||168.28||||
28130||421.82||||
28140||253.16||||
28150||186.89||||
28160||175.35||||
28175||431.12||||
28190||123.98||||
28192||366.72||||
28193||218.17||||
28200||253.16||||
28202||337.3||||
28208||183.17||||
28210||251.3||||
28220||210.72||||
28222||253.16||||
28225||164.18||||
28226||183.17||||
28230||180.19||||
28232||167.91||||
28234||170.14||||
28238||328.74||||
28240||179.82||||
28250||253.16||||
28260||370.81||||
28261||421.82||||
28262||649.29||||
28264||505.96||||
28270||197.32||||
28272||165.3||||
28280||206.25||||
28285||202.53||||
28286||192.85||||
28288||201.04||||
28289||319.43||||
28291||661.2||||
28292||295.23||||
28295||856.66||||
28296||400.59||||
28297||400.59||||
28298||295.23||||
28299||552.49||||
28300||400.59||||
28302||378.63||||
28304||337.3||||
28306||295.23||||
28308||236.04||||
28310||214.82||||
28312||196.2||||
28313||398.73||||
28315||190.62||||
28322||271.41||||
28340||476.17||||
28344||320.55||||
28345||414.0||||
28406||454.58||||
28415||919.58||||
28430||286.67||||
28435||180.94||||
28445||421.82||||
28446||867.46||||
28455||145.57||||
28456||134.4||||
28465||491.06||||
28475||154.88||||
28476||157.11||||
28485||469.47||||
28495||65.9||||
28496||158.97||||
28505||384.96||||
28515||62.17||||
28525||350.33||||
28540||110.57||||
28545||106.85||||
28546||141.47||||
28555||285.55||||
28570||118.39||||
28575||124.35||||
28585||421.82||||
28600||131.05||||
28605||154.5||||
28606||325.39||||
28615||567.01||||
28630||61.43||||
28635||84.51||||
28645||210.72||||
28660||90.1||||
28665||89.72||||
28675||250.56||||
28705||769.54||||
28715||597.91||||
28725||421.82||||
28730||463.89||||
28735||590.1||||
28737||379.37||||
28740||379.37||||
28750||299.33||||
28755||205.51||||
28760||261.35||||
28800||421.82||||
28805||421.82||||
28810||253.16||||
28820||228.22||||
28825||202.53||||
28890||296.72||||
29345||121.37||||
29355||128.07||||
29365||103.13||||
29405||85.26||||
29425||83.4||||
29435||130.68||||
29440||50.63||||
29445||136.26||||
29450||68.88||||
29505||68.88||||
29515||56.59||||
29540||17.5||||
29550||16.75||||
29580||27.18||||
29581||77.81||||
29700||23.08||||
29705||29.04||||
29730||28.29||||
29740||72.97||||
29750||62.17||||
29891||542.81||||
29892||566.64||||
29893||315.34||||
29894||421.82||||
29895||357.04||||
29897||402.08||||
29898||415.86||||
29899||738.27||||
29904||450.11||||
29905||485.11||||
29906||511.17||||
29907||623.6||||
35703||353.69||||
64450||49.14||||
64455||28.29||||
64632||51.01||||
64702||202.53||||
64704||297.84||||
64726||202.53||||
64782||253.16||||
64831||282.58||||
64832||153.02||||
64834||337.3||||
73590||20.78||||
73600||19.02||||
73610||25.14||||
73615||75.29||||
73620||17.3||||
73630||24.22||||
73650||19.02||||
73660||15.59||||
73718||427.27||||
73719||478.3||||
73720||390.48||||
73721||390.48||||
73722||456.6||||
73723||573.19||||
76000||27.96||||
76140||18.6||||
76881||105.1||||
76882||26.25||||
89050||5.22||||
93925||96.87||||
93926||84.89||||
95004||1.9||||
95024||2.8||||
95027||2.8||||
95028||4.2||||
95851||14.86||||
97010||9.84||||
97012||11.14||||
97014||11.14||||
97016||11.14||||
97018||9.84||||
97022||11.14||||
97024||9.84||||
97026||9.84||||
97028||9.84||||
97032||8.66||||
97033||9.18||||
97034||7.83||||
97035||7.43||||
97036||11.14||||
97039||14.27||||
97110||10.96||||
97112||12.22||||
97113||13.93||||
97116||11.28||||
97124||10.29||||
97139||7.65||||
97140||22.21||||
97597||42.11||||
97598||53.47||||
97810||20.0||||
97811||20.0||||
97813||20.0||||
97814||20.0||||
99202||34.3||||
99203||57.2||||
99204||68.9||||
99205||82.7||||
99211||12.0||||
99212||18.1||||
99213||24.0||||
99214||37.5||||
99215||57.2||||
99221||34.3||||
99222||73.2||||
99223||80.1||||
99231||27.5||||
99232||37.8||||
99233||45.8||||
99238||37.6||||
99239||53.4||||
99242||47.2||||
99243||59.5||||
99244||81.4||||
99245||102.2||||
99252||32.46||||
99253||46.44||||
99254||65.01||||
99255||86.25||||
99281||10.34||||
99282||19.2||||
99283||35.12||||
99284||53.83||||
99285||108.08||||
99304||37.8||||
99305||46.9||||
99306||72.1||||
99307||13.7||||
99308||27.5||||
99309||40.0||||
99310||52.0||||
99315||38.4||||
99316||46.6||||
99341||36.7||||
99342||43.8||||
99344||68.6||||
99345||84.0||||
99347||22.4||||
99348||30.6||||
99349||46.0||||
99350||71.4||||
99424||71.3||||
99425||51.5||||
99426||54.4||||
99427||41.9||||
99437||52.4||||
A4217||6.0||||
A5500||47.49||||
A5501||142.43||||
A5507||21.12||||
A5512||19.38||||
A5513||28.91||||
A6544||11.5||||
A6545||71.56||||
C9363||14.3||||
L0978||154.56||||
L0980||5.99||||
L0982||7.12||||
L1900||132.35||||
L1904||337.31||||
L1906||96.56||||
L1907||353.71||||
L1910||147.95||||
L1920||219.54||||
L1930||132.43||||
L1932||560.94||||
L1940||347.88||||
L1945||554.4||||
L1950||437.48||||
L1951||527.93||||
L1960||332.0||||
L1970||449.28||||
L1971||294.64||||
L1980||235.66||||
L1990||274.89||||
L2000||814.41||||
L2005||2575.86||||
L2010||742.41||||
L2020||925.91||||
L2030||753.2||||
L2034||1259.4||||
L2035||83.31||||
L2036||943.12||||
L2037||943.12||||
L2038||811.87||||
L2040||68.52||||
L2050||249.84||||
L2060||427.86||||
L2070||61.09||||
L2080||173.82||||
L2090||264.25||||
L2106||162.4||||
L2108||565.16||||
L2112||237.44||||
L2114||434.0||||
L2116||477.58||||
L2126||660.98||||
L2128||991.29||||
L2132||500.63||||
L2134||644.0||||
L2136||820.93||||
L2180||94.02||||
L2182||44.63||||
L2184||40.08||||
L2186||61.32||||
L2188||38.99||||
L2190||44.24||||
L2192||250.24||||
L2200||28.64||||
L2210||30.8||||
L2220||50.55||||
L2230||54.08||||
L2232||62.56||||
L2240||50.85||||
L2250||285.31||||
L2260||160.96||||
L2265||52.64||||
L2270||43.12||||
L2275||72.37||||
L2280||258.15||||
L2300||216.18||||
L2310||98.78||||
L2320||93.1||||
L2340||262.19||||
L2350||715.46||||
L2360||27.36||||
L2370||206.12||||
L2375||70.18||||
L2820||69.73||||
L2840||18.48||||
L2850||24.64||||
L3000||227.19||||
L3100||16.73||||
L3140||55.97||||
L3150||51.17||||
L3201||40.44||||
L3202||42.68||||
L3203||42.68||||
L3204||40.44||||
L3206||42.68||||
L3207||42.68||||
L3208||19.6||||
L3209||21.84||||
L3211||23.52||||
L3212||36.4||||
L3213||39.2||||
L3214||44.24||||
L3215||42.12||||
L3216||73.92||||
L3217||58.8||||
L3219||53.35||||
L3221||73.92||||
L3222||58.8||||
L3230||171.02||||
L3250||171.02||||
L3251||255.36||||
L3252||157.92||||
L3253||50.4||||
L3254||21.28||||
L3255||21.28||||
L3257||39.2||||
L3260||76.53||||
L3265||50.4||||
L3300||32.78||||
L3310||41.17||||
L3320||100.78||||
L3330||224.25||||
L3332||39.16||||
L3334||4.93||||
L3340||21.36||||
L3350||6.57||||
L3360||7.96||||
L3370||12.53||||
L3380||10.33||||
L3390||19.04||||
L3400||6.17||||
L3410||22.79||||
L3420||17.36||||
L3430||20.64||||
L3440||22.78||||
L3450||62.81||||
L3455||9.25||||
L3460||4.1||||
L3465||15.27||||
L3470||17.8||||
L3480||15.66||||
L3485||30.24||||
L3500||6.16||||
L3510||6.16||||
L3520||8.4||||
L3530||19.97||||
L3540||31.99||||
L3550||5.58||||
L3560||4.48||||
L3570||53.57||||
L3580||18.17||||
L3590||20.64||||
L3595||9.6||||
L3600||34.09||||
L3610||63.15||||
L3620||27.3||||
L3630||62.31||||
L3640||13.82||||
L4002||7.5||||
L4050||331.49||||
L4055||214.65||||
L4070||225.97||||
L4080||46.92||||
L4090||44.6||||
L4100||58.02||||
L4110||57.29||||
L4130||325.36||||
L4205||16.47||||
L4350||71.78||||
L4360||168.0||||
L4361||227.88||||
L4370||106.4||||
L4386||99.66||||
L4387||116.74||||
L4396||99.32||||
L4397||121.49||||
L4398||45.72||||
L4631||1329.32||||
L5000||195.45||||
L5010||558.45||||
L5020||1236.57||||
L5050||955.8||||
L5060||1616.81||||
L5100||1022.37||||
L5150||1428.59||||
L5160||1368.19||||
L5200||1405.01||||
L5634||227.81||||
L5636||113.17||||
L5661||344.89||||
L5665||392.19||||
L5666||45.14||||
L5685||48.96||||
L5698||49.14||||
L5703||1544.4||||
L5785||317.63||||
L5910||161.19||||
L5970||76.53||||
L5971||163.92||||
L5972||209.13||||
L5974||143.8||||
L5975||207.16||||
L5976||332.32||||
L5978||178.44||||
L5979||1341.49||||
L5980||1878.25||||
L5981||1457.82||||
L5982||384.33||||
L5984||338.05||||
L5985||123.37||||
L5986||376.03||||
L5987||3143.06||||
L5988||892.69||||
L5990||1142.65||||
L8417||36.31||||
L8470||4.48||||
Q4101||30.8||||
Q4102||11.92||||
Q4103||4.35||||
Q4104||11.87||||
Q4105||11.87||||
Q4106||32.74||||
Q4107||95.72||||
Q4108||18.85||||
Q4110||48.84||||
Q4111||7.37||||
Q4112||311.36||||
Q4113||311.36||||
Q4114||897.11||||
Q4116||25.78||||
Q4118||1.86||||
Q4121||41.96||||
Q4131||165.0||||
Q4132||131.42||||
Q4133||139.04||||
Q4151||124.35||||
Q4159||175.45||||
Q4160||110.32||||
Q4170||68.41||||
Q4172||96.08||||
Q4186||160.01||||
Q4195||99.92||||
Q4196||104.48||||
X3900||17.04||||
X3902||3.63||||
X3904||21.19||||
73590|26|7.27||||
73600|26|6.66||||
73610|26|8.3||||
73615|26|24.85||||
73620|26|6.06||||
73630|26|8.48||||
73650|26|6.66||||
73660|26|5.14||||
73718|26|427.27||||
73719|26|478.3||||
73720|26|390.48||||
73721|26|390.48||||
73722|26|456.6||||
73723|26|573.19||||
76000|26|13.98||||
76140|26|18.6||||
76881|26|24.17||||
76882|26|16.8||||
89050|26|4.18||||
93925|26|24.22||||
93926|26|11.88||||
73590|TC|13.51||||
73600|TC|12.36||||
73610|TC|16.84||||
73615|TC|50.44||||
73620|TC|11.24||||
73630|TC|15.74||||
73650|TC|12.36||||
73660|TC|10.45||||
76000|TC|13.98||||
76881|TC|80.93||||
76882|TC|9.45||||
89050|TC|1.04||||
93925|TC|72.65||||
93926|TC|73.01||||
95004||2.07|3|0|18|
95024||3.05|3|0|18|
95027||3.05|3|0|18|
95028||4.58|3|0|18|
99202||37.42|3|0|18|
99203||62.41|3|0|18|
99204||75.17|3|0|18|
99205||90.23|3|0|18|
99211||13.09|3|0|18|
99212||19.75|3|0|18|
99213||26.18|3|0|18|
99214||40.91|3|0|18|
99215||62.41|3|0|18|
99221||37.42|3|0|18|
99222||79.86|3|0|18|
99223||87.39|3|0|18|
99231||30.0|3|0|18|
99232||41.24|3|0|18|
99233||49.97|3|0|18|
99238||41.02|3|0|18|
99239||58.26|3|0|18|
99242||51.5|3|0|18|
99243||64.91|3|0|18|
99244||88.81|3|0|18|
99245||111.5|3|0|18|
99304||41.24|3|0|18|
99305||51.17|3|0|18|
99306||78.66|3|0|18|
99307||14.95|3|0|18|
99308||30.0|3|0|18|
99309||43.64|3|0|18|
99310||56.73|3|0|18|
99315||41.89|3|0|18|
99316||50.84|3|0|18|
99341||40.04|3|0|18|
99342||47.79|3|0|18|
99344||74.84|3|0|18|
99345||91.64|3|0|18|
99347||24.44|3|0|18|
99348||33.38|3|0|18|
99349||50.19|3|0|18|
99350||77.9|3|0|18|
99424||77.79|3|0|18|
99425||56.19|3|0|18|
99426||59.35|3|0|18|
99427||45.71|3|0|18|
99437||57.17|3|0|18|
10030||168.08||||23
20604||49.77||||23
20606||56.81||||23
Q4101||30.8||||23
Q4102||11.92||||23
Q4103||4.35||||23
Q4104||11.87||||23
Q4105||11.87||||23
Q4106||32.74||||23
Q4107||95.72||||23
Q4108||18.85||||23
Q4110||48.84||||23
Q4111||7.37||||23
Q4112||311.36||||23
Q4113||311.36||||23
Q4114||897.11||||23
Q4116||25.78||||23
Q4118||1.86||||23
Q4121||41.96||||23
