SVC_CD|MODIFIER_1|FEE|AGE_UNIT|FROM_AGE|THROUGH_AGE|PLACE_OF_SERVICE_CODE
0001U||576.0||||
0003U||760.0||||
0007U||91.54||||
0016U||131.17||||
0017M||2510.21||||
0017U||73.33||||
0018U||2401.67||||
0022U||1560.0||||
0023U||198.81||||
0026U||2880.0||||
0027U||97.53||||
0034U||372.94||||
0035U||432.79||||
0037U||2800.0||||
0038U||23.68||||
0039U||10.99||||
0040U||327.92||||
0041U||13.77||||
0042U||13.77||||
0043U||11.89||||
0044U||11.89||||
0046U||325.94||||
0047U||3098.4||||
0049U||325.94||||
0050U||2333.28||||
0051U||154.97||||
0052U||27.09||||
0054U||119.17||||
0058U||258.37||||
0059U||258.37||||
0064U||25.06||||
0065U||14.47||||
0068U||114.1||||
0077U||34.74||||
0082U||197.54||||
0084U||576.0||||
0087U||2527.54||||
0088U||2527.54||||
0107U||12.8||||
0109U||114.1||||
0120U||2008.17||||
0140U||156.75||||
0141U||156.75||||
0142U||156.75||||
0154U||385.71||||
0155U||219.86||||
0157U||282.88||||
0158U||282.88||||
0159U||282.88||||
0160U||282.88||||
0161U||282.88||||
0162U||486.54||||
0165U||463.76||||
0166U||402.72||||
0167U||6.02||||
0169U||372.94||||
0171U||1519.06||||
0172U||2424.0||||
0177U||219.86||||
0178U||459.86||||
0180U||274.83||||
0181U||148.16||||
0182U||241.08||||
0183U||148.16||||
0184U||148.16||||
0185U||148.16||||
0186U||148.16||||
0187U||219.86||||
0188U||219.86||||
0189U||219.86||||
0190U||219.86||||
0191U||219.86||||
0192U||219.86||||
0193U||226.3||||
0194U||148.16||||
0195U||300.2||||
0196U||148.16||||
0197U||148.16||||
0198U||226.3||||
0199U||219.86||||
0200U||219.86||||
0202U||333.42||||
0204U||2335.68||||
0210U||14.9||||
0216U||1537.02||||
0217U||2198.35||||
0218U||1823.2||||
0219U||725.0||||
0221U||274.83||||
0222U||282.88||||
0223U||238.88||||
0224U||33.7||||
0225U||416.78||||
0227U||62.14||||
0230U||301.35||||
0231U||846.27||||
0232U||274.83||||
0233U||274.83||||
0234U||527.87||||
0235U||600.0||||
0236U||602.7||||
0237U||584.9||||
0238U||584.9||||
0239U||3500.0||||
0240U||142.63||||
0241U||142.63||||
0242U||5000.0||||
0244U||3500.0||||
0246U||720.0||||
0275U||18.37||||
0279U||11.53||||
0280U||17.27||||
0281U||17.27||||
0282U||720.0||||
0283U||18.4||||
0284U||17.27||||
80047||8.17||||
80048||7.27||||
80051||6.23||||
80053||9.19||||
80055||35.83||||
80061||11.54||||
80069||7.6||||
80074||34.86||||
80076||6.38||||
80081||66.54||||
80143||14.91||||
80145||38.57||||
80150||13.4||||
80151||14.91||||
80155||15.4||||
80156||12.61||||
80157||10.99||||
80158||16.04||||
80159||16.44||||
80161||14.91||||
80162||11.8||||
80163||11.8||||
80164||12.04||||
80165||12.04||||
80167||14.91||||
80168||14.52||||
80169||12.21||||
80170||14.56||||
80171||14.43||||
80173||12.95||||
80175||11.78||||
80176||13.06||||
80177||11.78||||
80178||5.88||||
80179||14.91||||
80180||16.04||||
80181||14.91||||
80183||11.78||||
80184||8.4||||
80185||11.78||||
80186||12.23||||
80187||21.69||||
80188||14.75||||
80189||21.69||||
80190||18.24||||
80192||14.89||||
80193||30.86||||
80194||12.98||||
80195||11.99||||
80197||12.21||||
80198||12.57||||
80199||19.66||||
80200||14.33||||
80201||10.59||||
80202||12.04||||
80203||11.78||||
80204||30.86||||
80210||21.69||||
80220||18.64||||
80230||30.86||||
80235||21.69||||
80280||30.86||||
80285||21.69||||
80299||12.59||||
80305||10.08||||
80306||13.71||||
80307||43.5||||
80400||32.62||||
80402||86.96||||
80406||78.26||||
80408||125.5||||
80410||80.37||||
80412||371.04||||
80414||51.64||||
80415||55.89||||
80416||148.56||||
80417||43.99||||
80418||579.48||||
80420||81.1||||
80422||46.07||||
80424||50.5||||
80426||148.41||||
80428||66.7||||
80430||88.35||||
80432||145.11||||
80434||113.88||||
80435||103.0||||
80436||91.16||||
80438||50.41||||
80439||67.21||||
80503||23.04||||
80504||45.8||||
80505||82.67||||
80506||36.99||||
81000||2.58||||
81001||2.77||||
81002||2.15||||
81003||1.96||||
81005||1.77||||
81007||2.79||||
81015||2.5||||
81025||2.8||||
81050||1.41||||
81105||108.64||||
81106||108.64||||
81107||108.64||||
81108||108.64||||
81109||108.64||||
81110||108.64||||
81111||108.64||||
81112||108.64||||
81120||154.6||||
81121||236.63||||
81161||112.9||||
81162||1622.11||||
81163||374.4||||
81164||467.38||||
81165||226.3||||
81166||241.08||||
81167||226.3||||
81168||165.85||||
81170||240.0||||
81171||109.6||||
81172||219.86||||
81173||241.08||||
81174||148.16||||
81175||541.2||||
81176||215.01||||
81177||109.6||||
81178||109.6||||
81179||109.6||||
81180||109.6||||
81181||109.6||||
81182||109.6||||
81183||109.6||||
81184||109.6||||
81185||677.01||||
81186||148.16||||
81187||109.6||||
81188||109.6||||
81189||219.86||||
81190||148.16||||
81191||165.85||||
81192||165.85||||
81193||165.85||||
81194||414.62||||
81201||599.94||||
81202||75.15||||
81203||160.0||||
81204||109.6||||
81206||86.7||||
81207||72.3||||
81208||120.14||||
81210||77.96||||
81212||141.01||||
81215||74.41||||
81216||148.1||||
81217||74.41||||
81218||215.02||||
81219||108.11||||
81220||180.0||||
81221||75.15||||
81222||435.07||||
81223||1243.57||||
81224||66.06||||
81225||255.3||||
81233||140.32||||
81234||109.6||||
81235||180.0||||
81236||226.3||||
81237||140.32||||
81238||480.0||||
81239||219.86||||
81243||45.63||||
81244||35.91||||
81245||132.4||||
81246||66.4||||
81250||46.79||||
81256||56.16||||
81257||102.26||||
81258||300.2||||
81259||480.0||||
81260||31.44||||
81265||191.15||||
81266||304.81||||
81267||119.78||||
81268||119.78||||
81269||161.92||||
81270||66.3||||
81271||109.6||||
81272||263.6||||
81273||99.89||||
81274||219.86||||
81275||154.6||||
81276||154.6||||
81277||928.0||||
81278||165.85||||
81279||148.16||||
81283||58.69||||
81284||109.6||||
81285||219.86||||
81286||219.86||||
81287||124.64||||
81288||192.32||||
81289||148.16||||
81292||515.7||||
81293||75.12||||
81294||152.16||||
81295||121.06||||
81296||75.15||||
81297||121.06||||
81298||229.69||||
81299||75.15||||
81300||129.02||||
81301||256.67||||
81305||140.32||||
81306||233.08||||
81309||219.86||||
81310||197.21||||
81311||236.63||||
81312||109.6||||
81314||263.6||||
81315||94.03||||
81316||184.28||||
81317||514.06||||
81318||75.15||||
81319||162.8||||
81320||233.08||||
81321||479.36||||
81322||38.05||||
81323||69.9||||
81329||109.6||||
81331||40.85||||
81334||263.6||||
81335||139.84||||
81336||241.08||||
81337||148.16||||
81338||120.26||||
81339||148.16||||
81340||208.92||||
81341||36.35||||
81342||118.5||||
81343||109.6||||
81344||109.6||||
81345||148.16||||
81347||154.6||||
81348||140.32||||
81351||513.48||||
81352||263.61||||
81353||246.4||||
81357||154.6||||
81360||154.6||||
81361||139.84||||
81362||300.2||||
81363||161.92||||
81364||259.66||||
81370||357.44||||
81371||262.03||||
81372||240.49||||
81373||101.94||||
81374||64.66||||
81375||196.21||||
81376||108.64||||
81377||81.61||||
81378||307.17||||
81379||298.12||||
81380||157.55||||
81381||102.97||||
81382||109.94||||
81383||97.01||||
81400||63.96||||
81401||137.0||||
81402||150.33||||
81403||185.2||||
81404||274.83||||
81405||301.35||||
81406||282.88||||
81407||846.27||||
81408||2000.0||||
81413||519.91||||
81414||519.91||||
81419||1958.85||||
81420||232.0||||
81432||543.24||||
81434||478.33||||
81435||584.9||||
81436||584.9||||
81439||519.91||||
81445||597.91||||
81448||519.91||||
81455||2335.68||||
81500||260.5||||
81503||897.0||||
81506||68.92||||
81507||636.0||||
81508||272.37||||
81509||1487.37||||
81510||55.54||||
81511||272.37||||
81512||69.52||||
81513||114.1||||
81514||210.39||||
81518||3098.4||||
81519||3098.4||||
81520||2231.29||||
81521||3098.4||||
81522||3098.4||||
81523||3873.0||||
81528||404.3||||
81541||3098.4||||
81542||3873.0||||
81546||2880.0||||
81552||7776.0||||
81595||3240.0||||
81596||57.75||||
82009||3.76||||
82010||7.15||||
82013||9.93||||
82016||13.19||||
82017||14.99||||
82024||34.33||||
82030||22.93||||
82040||4.02||||
82042||2.83||||
82043||5.08||||
82044||3.92||||
82045||30.17||||
82077||13.82||||
82085||8.63||||
82088||36.22||||
82103||11.94||||
82104||12.86||||
82105||85.0||||
82106||12.03||||
82107||57.26||||
82108||19.72||||
82120||4.01||||
82127||12.33||||
82128||12.33||||
82131||18.36||||
82135||14.63||||
82136||15.69||||
82139||14.99||||
82140||12.95||||
82143||7.48||||
82150||5.73||||
82154||25.63||||
82157||26.02||||
82160||22.23||||
82163||18.24||||
82164||12.98||||
82172||13.15||||
82175||16.86||||
82180||8.79||||
82232||14.38||||
82239||14.56||||
82240||23.63||||
82247||4.09||||
82248||4.41||||
82252||4.05||||
82261||13.86||||
82270||2.92||||
82271||3.54||||
82272||2.56||||
82274||14.14||||
82286||4.58||||
82300||20.57||||
82306||20.72||||
82308||23.81||||
82310||4.1||||
82330||12.16||||
82331||5.63||||
82340||5.36||||
82355||10.29||||
82360||11.44||||
82365||11.46||||
82370||11.13||||
82373||9.32||||
82374||1.36||||
82375||10.95||||
82376||5.32||||
82378||16.85||||
82379||14.99||||
82380||8.2||||
82382||18.72||||
82383||23.26||||
82384||22.45||||
82387||16.04||||
82390||9.55||||
82397||12.55||||
82415||11.26||||
82435||3.01||||
82436||4.39||||
82438||4.34||||
82441||5.34||||
82465||3.87||||
82480||7.0||||
82482||7.84||||
82485||18.36||||
82495||18.03||||
82507||24.71||||
82523||16.61||||
82525||11.03||||
82528||20.02||||
82530||14.85||||
82533||14.49||||
82540||4.12||||
82542||15.35||||
82550||5.79||||
82552||11.9||||
82553||10.13||||
82554||10.55||||
82565||4.31||||
82570||4.6||||
82575||8.4||||
82585||9.34||||
82595||5.32||||
82600||17.24||||
82607||13.33||||
82608||12.73||||
82610||14.8||||
82615||7.64||||
82626||22.47||||
82627||19.62||||
82633||27.54||||
82634||26.02||||
82638||10.89||||
82642||26.02||||
82652||33.18||||
82653||22.97||||
82656||10.1||||
82657||17.74||||
82658||19.66||||
82664||24.01||||
82668||16.71||||
82670||24.71||||
82671||28.71||||
82672||19.28||||
82677||21.49||||
82679||22.18||||
82681||22.35||||
82693||13.25||||
82696||20.99||||
82705||4.53||||
82710||14.94||||
82715||18.37||||
82725||14.5||||
82726||16.05||||
82728||12.07||||
82731||56.19||||
82735||16.48||||
82746||13.07||||
82747||11.49||||
82759||19.07||||
82760||9.95||||
82775||18.73||||
82776||7.9||||
82784||6.08||||
82785||14.6||||
82787||7.13||||
82800||6.67||||
82803||11.85||||
82805||24.3||||
82810||7.82||||
82820||10.67||||
82930||5.37||||
82938||15.73||||
82941||15.68||||
82943||12.7||||
82945||3.29||||
82946||14.22||||
82947||3.3||||
82948||2.71||||
82950||4.19||||
82951||11.27||||
82952||3.46||||
82955||8.62||||
82960||5.38||||
82962||2.0||||
82963||19.1||||
82965||8.42||||
82977||6.4||||
82978||12.67||||
82979||7.5||||
82985||13.41||||
83001||16.41||||
83002||16.38||||
83003||14.82||||
83009||59.88||||
83010||10.99||||
83012||18.72||||
83013||59.88||||
83014||6.99||||
83015||12.16||||
83018||19.52||||
83020||10.93||||
83021||15.4||||
83026||2.58||||
83030||8.59||||
83033||6.39||||
83036||8.54||||
83045||5.19||||
83050||6.34||||
83051||6.5||||
83060||7.35||||
83065||7.2||||
83068||7.58||||
83069||3.51||||
83070||4.22||||
83080||14.99||||
83088||26.25||||
83090||14.99||||
83150||11.4||||
83491||15.58||||
83497||11.46||||
83498||23.93||||
83500||20.13||||
83505||21.6||||
83516||8.6||||
83518||5.93||||
83519||12.27||||
83520||10.24||||
83521||17.27||||
83525||8.0||||
83527||11.51||||
83528||15.85||||
83529||17.27||||
83540||5.72||||
83550||6.89||||
83570||7.87||||
83582||12.6||||
83586||11.38||||
83593||23.38||||
83605||9.41||||
83615||5.37||||
83625||11.37||||
83630||17.45||||
83631||17.45||||
83632||17.98||||
83633||5.98||||
83655||10.63||||
83661||19.54||||
83662||16.8||||
83663||10.46||||
83664||5.22||||
83670||8.15||||
83690||6.08||||
83695||11.51||||
83698||36.95||||
83700||10.01||||
83701||27.02||||
83704||28.05||||
83718||6.75||||
83719||10.34||||
83721||8.22||||
83722||28.04||||
83727||15.28||||
83735||5.96||||
83775||6.55||||
83785||21.86||||
83789||16.34||||
83825||14.12||||
83835||15.06||||
83857||9.54||||
83861||17.98||||
83864||15.94||||
83872||5.21||||
83873||15.29||||
83874||11.48||||
83876||15.13||||
83880||30.15||||
83883||12.09||||
83885||21.79||||
83915||9.91||||
83916||21.9||||
83918||17.91||||
83919||14.63||||
83921||14.68||||
83930||5.88||||
83935||6.02||||
83945||11.56||||
83951||57.26||||
83970||34.84||||
83986||3.18||||
83987||3.18||||
83993||17.45||||
84030||4.89||||
84035||3.25||||
84060||6.56||||
84066||8.59||||
84075||4.13||||
84078||6.08||||
84080||13.14||||
84081||14.68||||
84085||7.34||||
84087||9.18||||
84100||4.21||||
84105||4.62||||
84106||4.65||||
84110||7.5||||
84119||9.38||||
84120||13.08||||
84126||27.73||||
84132||3.44||||
84133||3.83||||
84134||12.47||||
84135||17.02||||
84138||16.84||||
84140||18.38||||
84143||20.28||||
84144||18.3||||
84145||22.21||||
84146||17.11||||
84150||27.17||||
84152||16.35||||
84153||16.35||||
84154||12.87||||
84155||2.96||||
84156||3.26||||
84157||2.99||||
84160||4.6||||
84163||13.38||||
84165||9.55||||
84166||15.85||||
84181||15.14||||
84182||19.59||||
84202||12.75||||
84203||7.79||||
84206||19.39||||
84207||24.97||||
84210||11.58||||
84220||8.39||||
84228||10.34||||
84233||61.99||||
84234||53.13||||
84235||56.98||||
84238||32.5||||
84244||19.55||||
84252||17.99||||
84255||22.69||||
84260||27.54||||
84270||18.72||||
84275||11.94||||
84285||20.92||||
84295||3.51||||
84300||4.32||||
84302||4.32||||
84305||18.39||||
84307||16.25||||
84311||6.48||||
84315||2.62||||
84375||21.34||||
84376||4.69||||
84377||4.89||||
84378||10.24||||
84379||10.24||||
84392||4.39||||
84402||22.64||||
84403||22.8||||
84410||45.58||||
84425||18.87||||
84430||10.34||||
84432||14.28||||
84436||5.18||||
84437||5.75||||
84439||7.91||||
84442||13.14||||
84443||14.76||||
84445||45.2||||
84446||12.0||||
84450||4.41||||
84460||4.58||||
84466||11.01||||
84478||5.02||||
84479||5.68||||
84480||12.59||||
84481||11.93||||
84482||14.01||||
84484||8.47||||
84485||6.4||||
84488||6.49||||
84490||7.94||||
84510||9.25||||
84512||8.07||||
84520||3.15||||
84525||4.1||||
84540||3.31||||
84545||5.88||||
84550||4.01||||
84560||4.22||||
84577||13.58||||
84578||3.54||||
84580||7.64||||
84583||4.84||||
84585||13.78||||
84588||30.17||||
84590||10.21||||
84591||12.63||||
84597||12.2||||
84600||14.29||||
84620||10.53||||
84630||10.12||||
84681||17.83||||
84702||13.24||||
84703||6.46||||
84704||13.38||||
84830||9.7||||
85002||4.01||||
85004||5.17||||
85007||2.71||||
85008||0.52||||
85009||4.05||||
85013||2.03||||
85014||2.11||||
85018||2.07||||
85025||6.75||||
85027||5.71||||
85032||3.83||||
85041||2.67||||
85044||2.64||||
85045||3.55||||
85046||4.61||||
85048||2.26||||
85049||3.77||||
85055||28.59||||
85060||12.63||||
85097||35.25||||
85130||10.57||||
85170||3.94||||
85175||4.95||||
85210||11.54||||
85220||15.69||||
85230||15.91||||
85240||15.86||||
85244||18.15||||
85245||20.39||||
85246||20.39||||
85247||20.39||||
85250||16.93||||
85260||15.91||||
85270||15.91||||
85280||17.2||||
85290||14.52||||
85291||7.91||||
85292||16.83||||
85293||16.83||||
85300||10.47||||
85301||9.61||||
85302||10.68||||
85303||12.3||||
85305||10.32||||
85306||13.62||||
85307||13.62||||
85335||11.44||||
85337||11.35||||
85345||3.83||||
85347||3.65||||
85348||3.59||||
85360||7.47||||
85362||5.91||||
85366||8.57||||
85370||10.1||||
85378||6.5||||
85379||9.05||||
85380||4.72||||
85384||7.63||||
85385||9.25||||
85390||5.63||||
85396||17.73||||
85397||24.68||||
85400||6.84||||
85410||6.85||||
85415||15.28||||
85420||5.81||||
85421||6.12||||
85441||3.73||||
85445||6.06||||
85460||6.28||||
85461||4.17||||
85475||7.89||||
85520||11.47||||
85525||10.1||||
85530||11.64||||
85536||5.75||||
85540||7.65||||
85547||7.65||||
85549||16.67||||
85555||5.98||||
85557||11.87||||
85576||11.9||||
85597||15.98||||
85598||15.98||||
85610||3.49||||
85611||3.51||||
85612||10.42||||
85613||8.45||||
85635||8.75||||
85651||2.37||||
85652||2.4||||
85660||4.52||||
85670||4.99||||
85675||6.08||||
85705||8.56||||
85730||5.34||||
85732||5.75||||
85810||10.37||||
86000||5.32||||
86001||5.68||||
86003||4.64||||
86008||15.94||||
86015||11.53||||
86021||13.38||||
86022||16.33||||
86023||11.07||||
86036||12.05||||
86037||12.05||||
86038||10.63||||
86039||9.92||||
86051||11.53||||
86052||12.05||||
86053||12.05||||
86060||6.49||||
86063||5.13||||
86077||34.52||||
86078||43.85||||
86079||43.56||||
86140||4.6||||
86141||11.06||||
86146||20.47||||
86147||17.82||||
86148||14.28||||
86155||14.21||||
86156||6.46||||
86157||7.17||||
86160||10.51||||
86161||10.67||||
86162||18.07||||
86171||8.9||||
86200||7.1||||
86215||11.77||||
86225||12.21||||
86226||10.76||||
86231||12.09||||
86235||14.59||||
86255||8.63||||
86256||10.39||||
86258||11.53||||
86277||13.99||||
86280||7.28||||
86294||20.45||||
86300||18.5||||
86301||18.5||||
86304||18.5||||
86305||18.5||||
86308||4.49||||
86309||5.75||||
86310||6.55||||
86316||18.5||||
86317||10.49||||
86318||14.1||||
86320||23.93||||
86325||19.88||||
86327||23.93||||
86328||45.23||||
86329||12.49||||
86331||5.9||||
86332||21.66||||
86334||19.86||||
86335||26.09||||
86336||13.85||||
86337||19.03||||
86340||13.4||||
86341||18.09||||
86343||11.07||||
86344||8.31||||
86353||43.58||||
86355||33.53||||
86356||23.8||||
86357||33.37||||
86359||33.53||||
86360||41.76||||
86361||23.8||||
86362||12.05||||
86363||12.05||||
86364||11.53||||
86367||41.07||||
86376||12.93||||
86381||25.45||||
86382||15.03||||
86384||10.89||||
86403||9.23||||
86406||9.45||||
86408||42.13||||
86409||79.61||||
86413||51.43||||
86430||5.04||||
86431||5.02||||
86480||43.39||||
86481||69.78||||
86486||4.48||||
86490||4.02||||
86510||5.16||||
86580||3.36||||
86590||10.13||||
86592||3.18||||
86593||3.91||||
86596||18.4||||
86602||9.05||||
86603||11.44||||
86606||13.38||||
86609||11.45||||
86611||9.05||||
86612||11.47||||
86615||11.72||||
86617||13.77||||
86618||15.14||||
86619||11.89||||
86622||7.94||||
86625||11.66||||
86628||10.67||||
86631||10.51||||
86632||11.28||||
86635||10.2||||
86638||10.78||||
86641||12.81||||
86644||12.38||||
86645||14.36||||
86648||13.52||||
86651||11.72||||
86652||11.72||||
86653||11.72||||
86654||11.72||||
86658||11.58||||
86663||11.66||||
86664||13.6||||
86665||15.82||||
86666||9.05||||
86668||11.32||||
86671||10.89||||
86674||13.08||||
86677||12.95||||
86682||11.56||||
86684||14.08||||
86687||7.46||||
86688||12.45||||
86689||17.2||||
86692||15.25||||
86694||10.41||||
86695||11.72||||
86696||17.2||||
86698||11.11||||
86701||7.9||||
86702||11.81||||
86703||11.96||||
86704||10.71||||
86705||10.37||||
86706||9.51||||
86707||4.68||||
86708||11.01||||
86709||9.91||||
86710||12.05||||
86711||13.51||||
86713||13.6||||
86717||10.89||||
86720||12.23||||
86723||11.72||||
86727||11.44||||
86732||12.0||||
86735||11.59||||
86738||11.77||||
86741||11.72||||
86744||12.79||||
86747||13.36||||
86750||11.72||||
86753||11.01||||
86756||11.19||||
86757||17.2||||
86759||14.36||||
86762||12.79||||
86765||11.45||||
86768||11.72||||
86769||42.13||||
86771||14.36||||
86774||13.15||||
86777||12.79||||
86778||12.8||||
86780||11.4||||
86784||11.17||||
86787||11.38||||
86788||14.98||||
86789||12.79||||
86790||11.45||||
86793||11.72||||
86794||14.97||||
86800||11.14||||
86803||12.57||||
86804||13.77||||
86805||48.52||||
86806||36.74||||
86807||38.24||||
86808||26.38||||
86812||22.94||||
86813||51.55||||
86816||24.76||||
86817||57.81||||
86821||19.49||||
86825||87.44||||
86826||29.15||||
86828||43.09||||
86829||23.37||||
86830||10.27||||
86831||10.27||||
86832||10.27||||
86833||10.27||||
86834||10.27||||
86835||10.27||||
86850||2.6||||
86860||19.83||||
86870||16.52||||
86880||4.79||||
86885||5.09||||
86886||4.22||||
86900||2.38||||
86901||2.46||||
86902||3.28||||
86904||6.84||||
86905||3.35||||
86906||5.21||||
86940||7.29||||
86941||10.58||||
86945||25.16||||
86970||17.28||||
86971||17.28||||
86972||16.65||||
86975||16.65||||
86976||16.65||||
86977||16.65||||
86978||19.97||||
87003||14.97||||
87015||5.81||||
87040||8.98||||
87045||7.85||||
87046||2.61||||
87070||7.51||||
87071||5.22||||
87073||5.22||||
87075||8.42||||
87076||7.18||||
87077||6.65||||
87081||5.68||||
87084||9.38||||
87086||5.65||||
87088||6.08||||
87101||6.85||||
87102||7.44||||
87103||8.01||||
87106||8.12||||
87107||9.18||||
87109||13.68||||
87110||17.29||||
87116||9.12||||
87118||11.68||||
87140||4.95||||
87143||11.13||||
87147||3.63||||
87149||16.24||||
87150||23.05||||
87152||5.7||||
87153||102.54||||
87154||218.06||||
87158||5.7||||
87164||9.55||||
87166||10.04||||
87168||3.8||||
87169||3.8||||
87172||3.8||||
87176||5.23||||
87177||7.18||||
87181||1.16||||
87184||4.23||||
87185||1.21||||
87186||7.51||||
87187||11.28||||
87188||5.9||||
87190||4.56||||
87197||13.36||||
87205||3.46||||
87206||4.79||||
87207||5.33||||
87209||15.98||||
87210||3.56||||
87220||3.73||||
87230||17.55||||
87250||17.39||||
87252||21.29||||
87253||16.0||||
87254||5.41||||
87255||30.1||||
87260||10.1||||
87265||10.1||||
87267||10.1||||
87269||10.1||||
87270||10.1||||
87271||10.1||||
87272||10.1||||
87273||10.1||||
87274||10.1||||
87275||5.93||||
87276||5.97||||
87278||10.1||||
87279||10.1||||
87280||8.84||||
87281||10.1||||
87283||10.1||||
87285||10.1||||
87290||10.1||||
87299||10.1||||
87300||5.14||||
87301||10.1||||
87305||8.66||||
87320||10.1||||
87324||8.39||||
87327||10.1||||
87328||8.62||||
87329||8.28||||
87332||10.1||||
87335||10.1||||
87336||10.1||||
87337||10.1||||
87338||12.79||||
87339||10.1||||
87340||9.12||||
87341||9.18||||
87350||10.24||||
87380||14.69||||
87385||10.1||||
87389||20.26||||
87390||16.5||||
87391||17.52||||
87400||5.79||||
87420||2.92||||
87425||8.86||||
87426||35.33||||
87427||8.82||||
87428||63.59||||
87430||8.18||||
87449||8.4||||
87451||5.93||||
87471||31.19||||
87472||38.08||||
87475||17.82||||
87476||31.19||||
87480||17.83||||
87481||31.19||||
87482||44.59||||
87483||370.47||||
87485||17.82||||
87486||31.19||||
87487||38.08||||
87490||17.17||||
87491||25.59||||
87492||38.06||||
87493||28.64||||
87495||21.83||||
87496||31.19||||
87497||38.08||||
87498||31.19||||
87500||31.19||||
87501||45.61||||
87502||76.64||||
87503||22.61||||
87505||114.04||||
87506||210.39||||
87507||370.47||||
87510||17.83||||
87511||31.19||||
87512||37.12||||
87516||31.19||||
87517||38.08||||
87520||21.83||||
87521||31.19||||
87522||31.51||||
87525||21.83||||
87526||31.41||||
87527||37.12||||
87528||17.82||||
87529||24.56||||
87530||38.08||||
87531||21.83||||
87532||31.19||||
87533||37.12||||
87534||17.83||||
87535||31.19||||
87536||75.64||||
87537||17.82||||
87538||31.19||||
87539||46.63||||
87540||17.83||||
87541||31.19||||
87542||37.12||||
87550||17.83||||
87551||38.21||||
87552||38.08||||
87555||21.5||||
87556||33.34||||
87557||38.08||||
87560||21.83||||
87561||31.19||||
87562||38.08||||
87563||35.09||||
87580||17.83||||
87581||31.19||||
87582||45.46||||
87590||12.61||||
87591||25.36||||
87592||38.08||||
87593||35.09||||
87624||31.19||||
87625||32.44||||
87631||61.07||||
87632||154.59||||
87633||370.47||||
87634||62.39||||
87635||51.31||||
87636||142.63||||
87637||142.63||||
87640||31.19||||
87641||30.88||||
87650||17.83||||
87651||31.19||||
87652||37.12||||
87653||30.52||||
87660||17.83||||
87661||30.54||||
87662||45.61||||
87797||21.83||||
87798||30.15||||
87799||38.08||||
87800||22.17||||
87801||38.8||||
87802||10.1||||
87803||10.1||||
87804||8.85||||
87806||26.21||||
87807||8.57||||
87808||10.1||||
87809||10.1||||
87810||10.1||||
87811||41.38||||
87850||10.1||||
87880||6.99||||
87899||4.87||||
87900||115.86||||
87901||228.84||||
87902||228.84||||
87903||434.36||||
87904||23.17||||
87905||10.86||||
87906||114.42||||
87910||23.38||||
87912||23.38||||
88104||25.82||||
88106||25.82||||
88108||28.92||||
88112||60.92||||
88120||363.41||||
88121||307.14||||
88130||15.97||||
88140||7.1||||
88141||10.53||||
88142||18.0||||
88143||18.43||||
88147||12.39||||
88148||13.5||||
88150||11.5||||
88152||11.5||||
88153||11.5||||
88155||6.52||||
88160||31.95||||
88161||20.66||||
88162||48.7||||
88164||9.65||||
88165||11.5||||
88166||11.5||||
88167||11.5||||
88172||28.29||||
88173||51.98||||
88174||18.29||||
88175||23.5||||
88177||21.74||||
88182||87.98||||
88184||42.18||||
88185||20.68||||
88187||32.96||||
88188||55.88||||
88189||69.18||||
88230||100.98||||
88233||125.08||||
88235||75.03||||
88237||99.64||||
88239||131.12||||
88240||7.99||||
88241||7.99||||
88245||151.72||||
88248||153.93||||
88249||153.93||||
88261||190.0||||
88262||107.81||||
88263||133.59||||
88264||115.68||||
88267||159.8||||
88269||147.84||||
88271||16.8||||
88272||29.15||||
88273||28.56||||
88274||33.9||||
88275||31.68||||
88280||19.17||||
88283||9.71||||
88285||7.6||||
88289||12.08||||
88291||13.62||||
88300||8.37||||
88302||20.94||||
88304||30.48||||
88305||40.99||||
88307||87.64||||
88309||185.47||||
88311||7.9||||
88312||32.83||||
88313||34.26||||
88314||43.23||||
88319||68.78||||
88321||60.98||||
88323||88.41||||
88325||101.51||||
88329||32.48||||
88331||44.52||||
88332||19.39||||
88333||79.42||||
88334||49.68||||
88341||60.62||||
88342||53.79||||
88344||104.92||||
88346||56.05||||
88348||237.71||||
88350||64.66||||
88355||117.31||||
88356||180.81||||
88358||66.78||||
88360||56.74||||
88361||80.16||||
88362||180.51||||
88363||17.77||||
88364||87.58||||
88365||87.58||||
88366||133.38||||
88367||96.07||||
88368||75.41||||
88369||65.87||||
88371||19.76||||
88372||20.97||||
88373||54.01||||
88374||185.0||||
88375||23.24||||
88377||192.08||||
88380||118.82||||
88381||112.83||||
88387||30.33||||
88388||30.09||||
88720||4.3||||
89049||217.68||||
89050||3.55||||
89051||4.86||||
89055||3.8||||
89060||6.36||||
89125||4.7||||
89160||3.88||||
89190||4.63||||
89220||10.33||||
89230||2.2||||
G0416||342.3||||
G0432||14.93||||
G0433||14.63||||
G0435||10.1||||
G0472||46.35||||
G0475||24.08||||
G0480||63.95||||
G0481||98.39||||
G0482||132.82||||
G0483||172.18||||
G0499||28.27||||
G0659||62.14||||
Q0111||3.66||||
Q0112||4.65||||
Q0113||3.8||||
S3620||211.0||||
U0001||35.91||||
U0002||51.31||||
80047|26|1.63||||
80048|26|1.45||||
80051|26|1.25||||
80053|26|1.84||||
80055|26|7.17||||
80061|26|2.31||||
80069|26|1.52||||
80074|26|6.97||||
80076|26|1.28||||
80150|26|2.68||||
80156|26|2.52||||
80157|26|2.2||||
80158|26|3.21||||
80162|26|2.36||||
80164|26|2.41||||
80168|26|2.9||||
80170|26|2.91||||
80173|26|2.59||||
80176|26|2.61||||
80178|26|1.18||||
80184|26|1.68||||
80185|26|2.36||||
80186|26|2.45||||
80188|26|2.95||||
80190|26|3.65||||
80192|26|2.98||||
80194|26|2.6||||
80195|26|2.4||||
80197|26|2.44||||
80198|26|2.51||||
80200|26|2.87||||
80201|26|2.12||||
80202|26|2.41||||
80299|26|2.52||||
80400|26|6.52||||
80402|26|17.39||||
80406|26|15.65||||
80408|26|25.1||||
80410|26|16.07||||
80412|26|74.21||||
80414|26|10.33||||
80415|26|11.18||||
80418|26|115.9||||
80420|26|16.22||||
80422|26|9.21||||
80424|26|10.1||||
80426|26|29.68||||
80428|26|13.34||||
80430|26|17.67||||
80432|26|29.02||||
80434|26|22.78||||
80435|26|20.6||||
80436|26|18.23||||
80438|26|10.08||||
80439|26|13.44||||
81000|26|0.52||||
81001|26|0.55||||
81002|26|0.43||||
81003|26|0.39||||
81005|26|0.35||||
81007|26|2.79||||
81015|26|0.5||||
81050|26|1.41||||
81508|26|217.9||||
81511|26|217.9||||
82009|26|0.75||||
82010|26|1.43||||
82013|26|1.99||||
82016|26|2.64||||
82017|26|3.0||||
82024|26|6.87||||
82030|26|4.59||||
82040|26|0.8||||
82042|26|0.57||||
82043|26|1.02||||
82044|26|3.92||||
82045|26|6.03||||
82085|26|1.73||||
82088|26|7.24||||
82103|26|2.39||||
82104|26|2.57||||
82105|26|17.0||||
82106|26|2.41||||
82107|26|11.45||||
82108|26|3.94||||
82120|26|0.8||||
82127|26|2.47||||
82128|26|2.47||||
82131|26|3.67||||
82135|26|2.93||||
82136|26|3.14||||
82139|26|3.0||||
82140|26|2.59||||
82143|26|1.5||||
82150|26|1.15||||
82154|26|5.13||||
82157|26|5.2||||
82160|26|4.45||||
82163|26|3.65||||
82164|26|2.6||||
82172|26|2.63||||
82175|26|3.37||||
82180|26|1.76||||
82232|26|2.88||||
82239|26|2.91||||
82240|26|4.73||||
82247|26|0.82||||
82248|26|0.88||||
82252|26|0.81||||
82261|26|2.77||||
82270|26|0.58||||
82271|26|0.71||||
82272|26|1.28||||
82274|26|2.83||||
82286|26|0.92||||
82300|26|4.11||||
82306|26|4.14||||
82308|26|4.76||||
82310|26|0.82||||
82330|26|2.43||||
82331|26|1.13||||
82340|26|1.07||||
82355|26|2.06||||
82360|26|2.29||||
82365|26|2.29||||
82370|26|2.23||||
82373|26|1.86||||
82374|26|0.27||||
82375|26|2.19||||
82376|26|1.06||||
82378|26|3.37||||
82379|26|3.0||||
82380|26|1.64||||
82382|26|3.74||||
82383|26|4.65||||
82384|26|4.49||||
82387|26|3.21||||
82390|26|1.91||||
82397|26|2.51||||
82415|26|2.25||||
82435|26|0.6||||
82436|26|0.88||||
82438|26|0.87||||
82441|26|1.07||||
82465|26|0.77||||
82480|26|1.4||||
82482|26|1.57||||
82485|26|3.67||||
82495|26|3.61||||
82507|26|4.94||||
82523|26|3.32||||
82525|26|2.21||||
82528|26|4.0||||
82530|26|2.97||||
82533|26|2.9||||
82540|26|0.82||||
82542|26|3.07||||
82550|26|1.16||||
82552|26|2.38||||
82553|26|2.03||||
82554|26|2.11||||
82565|26|0.86||||
82570|26|0.92||||
82575|26|1.68||||
82585|26|1.87||||
82595|26|1.06||||
82600|26|3.45||||
82607|26|2.67||||
82608|26|2.55||||
82610|26|2.96||||
82615|26|1.53||||
82626|26|4.49||||
82627|26|3.92||||
82633|26|5.51||||
82634|26|5.2||||
82638|26|2.18||||
82652|26|6.64||||
82656|26|2.02||||
82657|26|3.55||||
82658|26|3.93||||
82664|26|4.8||||
82668|26|3.34||||
82670|26|4.94||||
82671|26|5.74||||
82672|26|3.86||||
82677|26|4.3||||
82679|26|4.44||||
82693|26|2.65||||
82696|26|4.2||||
82705|26|0.91||||
82710|26|2.99||||
82715|26|3.67||||
82725|26|2.9||||
82726|26|3.21||||
82728|26|2.41||||
82731|26|11.24||||
82735|26|3.3||||
82746|26|2.61||||
82747|26|2.3||||
82759|26|3.81||||
82760|26|1.99||||
82775|26|3.75||||
82776|26|1.58||||
82784|26|1.22||||
82785|26|2.92||||
82787|26|1.43||||
82800|26|1.33||||
82803|26|2.37||||
82805|26|4.86||||
82810|26|1.56||||
82820|26|2.13||||
82930|26|1.07||||
82938|26|3.15||||
82941|26|3.14||||
82943|26|2.54||||
82945|26|0.66||||
82946|26|2.84||||
82947|26|0.66||||
82948|26|0.54||||
82950|26|0.84||||
82951|26|2.25||||
82952|26|0.69||||
82955|26|1.72||||
82960|26|1.08||||
82962|26|2.0||||
82963|26|3.82||||
82965|26|1.68||||
82977|26|1.28||||
82978|26|2.53||||
82979|26|1.5||||
82985|26|2.68||||
83001|26|3.28||||
83002|26|3.28||||
83003|26|2.96||||
83009|26|11.98||||
83010|26|2.2||||
83012|26|3.74||||
83014|26|6.99||||
83015|26|2.43||||
83018|26|3.9||||
83020|26|2.19||||
83021|26|3.08||||
83026|26|0.52||||
83030|26|1.72||||
83033|26|1.28||||
83036|26|1.71||||
83045|26|1.04||||
83050|26|1.27||||
83051|26|1.3||||
83060|26|1.47||||
83065|26|1.44||||
83068|26|1.52||||
83069|26|0.7||||
83070|26|0.84||||
83080|26|3.0||||
83088|26|5.25||||
83090|26|3.0||||
83150|26|2.28||||
83491|26|3.12||||
83497|26|2.29||||
83498|26|4.79||||
83500|26|4.03||||
83505|26|4.32||||
83516|26|1.72||||
83518|26|1.19||||
83519|26|2.45||||
83520|26|2.05||||
83525|26|1.6||||
83527|26|2.3||||
83528|26|3.17||||
83540|26|1.14||||
83550|26|1.38||||
83570|26|1.57||||
83582|26|2.52||||
83586|26|2.28||||
83593|26|4.68||||
83605|26|1.88||||
83615|26|1.07||||
83625|26|2.27||||
83630|26|3.49||||
83631|26|3.49||||
83632|26|3.6||||
83633|26|1.2||||
83655|26|2.13||||
83661|26|3.91||||
83662|26|3.36||||
83663|26|2.09||||
83664|26|1.04||||
83670|26|1.63||||
83690|26|1.22||||
83695|26|2.3||||
83698|26|7.39||||
83700|26|2.0||||
83701|26|5.4||||
83704|26|5.61||||
83718|26|1.35||||
83719|26|2.07||||
83721|26|1.64||||
83727|26|3.06||||
83735|26|1.19||||
83775|26|1.31||||
83785|26|4.37||||
83789|26|3.27||||
83825|26|2.82||||
83835|26|3.01||||
83857|26|1.91||||
83861|26|3.6||||
83864|26|3.19||||
83872|26|1.04||||
83873|26|3.06||||
83874|26|2.3||||
83880|26|6.03||||
83883|26|2.42||||
83885|26|4.36||||
83915|26|1.98||||
83916|26|4.38||||
83918|26|3.58||||
83919|26|2.93||||
83921|26|2.94||||
83930|26|1.18||||
83935|26|1.2||||
83945|26|2.31||||
83970|26|6.97||||
83986|26|0.64||||
83987|26|0.64||||
83993|26|3.49||||
84030|26|0.98||||
84035|26|0.65||||
84060|26|1.31||||
84066|26|1.72||||
84075|26|0.83||||
84078|26|1.22||||
84080|26|2.63||||
84081|26|2.94||||
84085|26|1.47||||
84087|26|1.84||||
84100|26|0.84||||
84105|26|0.92||||
84106|26|0.93||||
84110|26|1.5||||
84119|26|1.88||||
84120|26|2.62||||
84126|26|5.55||||
84132|26|0.69||||
84133|26|0.77||||
84134|26|2.49||||
84135|26|3.4||||
84138|26|3.37||||
84140|26|3.68||||
84143|26|4.06||||
84144|26|3.66||||
84145|26|4.44||||
84146|26|3.42||||
84150|26|5.43||||
84152|26|3.27||||
84153|26|3.27||||
84154|26|2.57||||
84155|26|0.59||||
84156|26|0.65||||
84157|26|0.6||||
84160|26|0.92||||
84163|26|2.68||||
84165|26|1.91||||
84166|26|3.17||||
84181|26|3.03||||
84182|26|3.92||||
84202|26|2.55||||
84203|26|1.56||||
84206|26|3.88||||
84207|26|4.99||||
84210|26|2.32||||
84220|26|1.68||||
84228|26|2.07||||
84233|26|12.4||||
84234|26|10.63||||
84235|26|11.4||||
84238|26|6.5||||
84244|26|3.91||||
84252|26|3.6||||
84255|26|4.54||||
84260|26|5.51||||
84270|26|3.74||||
84275|26|2.39||||
84285|26|4.18||||
84295|26|0.7||||
84300|26|0.86||||
84302|26|0.86||||
84305|26|3.68||||
84307|26|3.25||||
84311|26|1.3||||
84315|26|0.52||||
84375|26|4.27||||
84376|26|0.94||||
84377|26|0.98||||
84378|26|2.05||||
84379|26|2.05||||
84392|26|0.88||||
84402|26|4.53||||
84403|26|4.56||||
84425|26|3.77||||
84430|26|2.07||||
84432|26|2.86||||
84436|26|1.04||||
84437|26|1.15||||
84439|26|1.58||||
84442|26|2.63||||
84443|26|2.95||||
84445|26|9.04||||
84446|26|2.4||||
84450|26|0.88||||
84460|26|0.92||||
84466|26|2.2||||
84478|26|1.0||||
84479|26|1.14||||
84480|26|2.52||||
84481|26|2.39||||
84482|26|2.8||||
84484|26|1.69||||
84485|26|1.28||||
84488|26|1.3||||
84490|26|1.59||||
84510|26|1.85||||
84512|26|1.61||||
84520|26|0.63||||
84525|26|0.82||||
84540|26|0.66||||
84545|26|1.18||||
84550|26|0.8||||
84560|26|0.84||||
84577|26|2.72||||
84578|26|0.71||||
84580|26|1.53||||
84583|26|0.97||||
84585|26|2.76||||
84588|26|6.03||||
84590|26|2.04||||
84591|26|2.53||||
84597|26|2.44||||
84600|26|2.86||||
84620|26|2.11||||
84630|26|2.02||||
84681|26|3.57||||
84702|26|2.65||||
84703|26|1.29||||
84704|26|2.68||||
84830|26|1.94||||
85002|26|0.8||||
85004|26|1.03||||
85007|26|0.54||||
85008|26|0.1||||
85009|26|0.81||||
85013|26|0.41||||
85014|26|0.42||||
85018|26|0.41||||
85025|26|1.35||||
85027|26|1.14||||
85032|26|0.77||||
85041|26|0.53||||
85044|26|0.53||||
85045|26|0.71||||
85046|26|0.92||||
85048|26|0.45||||
85049|26|0.75||||
85055|26|5.72||||
85060|26|12.63||||
85097|26|35.25||||
85130|26|2.11||||
85170|26|0.79||||
85175|26|0.99||||
85210|26|2.31||||
85220|26|3.14||||
85230|26|3.18||||
85240|26|3.17||||
85244|26|3.63||||
85245|26|4.08||||
85246|26|4.08||||
85247|26|4.08||||
85250|26|3.39||||
85260|26|3.18||||
85270|26|3.18||||
85280|26|3.44||||
85290|26|2.9||||
85291|26|1.58||||
85292|26|3.37||||
85293|26|3.37||||
85300|26|2.09||||
85301|26|1.92||||
85302|26|2.14||||
85303|26|2.46||||
85305|26|2.06||||
85306|26|2.72||||
85307|26|2.72||||
85335|26|2.29||||
85337|26|2.27||||
85345|26|0.77||||
85347|26|0.73||||
85348|26|0.72||||
85360|26|1.49||||
85362|26|1.18||||
85366|26|1.71||||
85370|26|2.02||||
85378|26|1.3||||
85379|26|1.81||||
85380|26|0.94||||
85384|26|1.53||||
85385|26|1.85||||
85390|26|1.13||||
85396|26|3.55||||
85400|26|1.37||||
85410|26|1.37||||
85415|26|3.06||||
85420|26|1.16||||
85421|26|1.22||||
85441|26|0.75||||
85445|26|1.21||||
85460|26|1.26||||
85461|26|0.83||||
85475|26|1.58||||
85520|26|2.29||||
85525|26|2.02||||
85530|26|2.33||||
85536|26|1.15||||
85540|26|1.53||||
85547|26|1.53||||
85549|26|3.33||||
85555|26|1.2||||
85557|26|2.37||||
85576|26|2.38||||
85597|26|3.2||||
85598|26|3.2||||
85610|26|0.7||||
85611|26|0.7||||
85612|26|2.08||||
85613|26|1.69||||
85635|26|1.75||||
85651|26|0.47||||
85652|26|0.48||||
85660|26|0.9||||
85670|26|1.0||||
85675|26|1.22||||
85705|26|1.71||||
85730|26|1.07||||
85732|26|1.15||||
85810|26|2.07||||
86000|26|1.06||||
86001|26|1.14||||
86003|26|0.93||||
86021|26|2.68||||
86022|26|3.27||||
86023|26|2.21||||
86038|26|2.13||||
86039|26|1.98||||
86060|26|1.3||||
86063|26|1.03||||
86077|26|34.52||||
86078|26|43.85||||
86079|26|43.56||||
86140|26|0.92||||
86141|26|2.21||||
86146|26|4.09||||
86147|26|3.56||||
86148|26|2.86||||
86155|26|2.84||||
86156|26|1.29||||
86157|26|1.43||||
86160|26|2.1||||
86161|26|2.13||||
86162|26|3.61||||
86171|26|1.78||||
86200|26|1.42||||
86215|26|2.35||||
86225|26|2.44||||
86226|26|2.15||||
86235|26|2.92||||
86255|26|1.73||||
86256|26|2.08||||
86277|26|2.8||||
86280|26|1.46||||
86294|26|4.09||||
86300|26|3.7||||
86301|26|3.7||||
86304|26|3.7||||
86308|26|0.9||||
86309|26|1.15||||
86310|26|1.31||||
86316|26|3.7||||
86317|26|2.1||||
86318|26|2.82||||
86320|26|4.79||||
86325|26|3.98||||
86327|26|4.79||||
86329|26|2.5||||
86331|26|1.18||||
86332|26|4.33||||
86334|26|3.97||||
86335|26|5.22||||
86336|26|2.77||||
86337|26|3.81||||
86340|26|2.68||||
86341|26|3.62||||
86343|26|2.21||||
86344|26|1.66||||
86353|26|8.72||||
86355|26|6.71||||
86356|26|4.76||||
86357|26|6.67||||
86359|26|6.71||||
86360|26|8.35||||
86361|26|4.76||||
86367|26|8.21||||
86376|26|2.59||||
86382|26|3.01||||
86384|26|2.18||||
86403|26|1.85||||
86406|26|1.89||||
86430|26|1.01||||
86431|26|1.0||||
86480|26|8.68||||
86481|26|13.96||||
86486|26|4.48||||
86490|26|4.02||||
86510|26|5.16||||
86580|26|3.36||||
86590|26|2.03||||
86592|26|0.64||||
86593|26|0.78||||
86602|26|1.81||||
86603|26|2.29||||
86606|26|2.68||||
86609|26|2.29||||
86611|26|1.81||||
86612|26|2.29||||
86615|26|2.34||||
86617|26|2.75||||
86618|26|3.03||||
86619|26|2.38||||
86622|26|1.59||||
86625|26|2.33||||
86628|26|2.13||||
86631|26|2.1||||
86632|26|2.26||||
86635|26|2.04||||
86638|26|2.16||||
86641|26|2.56||||
86644|26|2.48||||
86645|26|2.87||||
86648|26|2.7||||
86651|26|2.34||||
86652|26|2.34||||
86653|26|2.34||||
86654|26|2.34||||
86658|26|2.32||||
86663|26|2.33||||
86664|26|2.72||||
86665|26|3.16||||
86666|26|1.81||||
86668|26|2.26||||
86671|26|2.18||||
86674|26|2.62||||
86677|26|2.59||||
86682|26|2.31||||
86684|26|2.82||||
86687|26|1.49||||
86688|26|2.49||||
86689|26|3.44||||
86692|26|3.05||||
86694|26|2.08||||
86695|26|2.34||||
86696|26|3.44||||
86698|26|2.22||||
86701|26|1.58||||
86702|26|2.36||||
86703|26|2.39||||
86704|26|2.14||||
86705|26|2.07||||
86706|26|1.9||||
86707|26|0.94||||
86708|26|2.2||||
86709|26|1.98||||
86710|26|2.41||||
86711|26|2.7||||
86713|26|2.72||||
86717|26|2.18||||
86720|26|2.45||||
86723|26|2.34||||
86727|26|2.29||||
86732|26|2.4||||
86735|26|2.32||||
86738|26|2.35||||
86741|26|2.34||||
86744|26|2.56||||
86747|26|2.67||||
86750|26|2.34||||
86753|26|2.2||||
86756|26|2.24||||
86757|26|3.44||||
86759|26|2.87||||
86762|26|2.56||||
86765|26|2.29||||
86768|26|2.34||||
86771|26|2.87||||
86774|26|2.63||||
86777|26|2.56||||
86778|26|2.56||||
86780|26|2.28||||
86784|26|2.23||||
86787|26|2.28||||
86788|26|3.0||||
86789|26|2.56||||
86790|26|2.29||||
86793|26|2.34||||
86800|26|2.23||||
86803|26|2.51||||
86804|26|2.75||||
86805|26|9.7||||
86806|26|7.35||||
86807|26|7.65||||
86808|26|5.28||||
86812|26|4.59||||
86813|26|10.31||||
86816|26|4.95||||
86817|26|11.56||||
86821|26|3.9||||
86825|26|17.49||||
86826|26|5.83||||
86828|26|8.62||||
86829|26|4.67||||
86830|26|2.05||||
86831|26|2.05||||
86832|26|2.05||||
86833|26|2.05||||
86834|26|2.05||||
86835|26|2.05||||
86850|26|0.52||||
86860|26|3.97||||
86870|26|3.3||||
86880|26|0.96||||
86885|26|1.02||||
86886|26|0.84||||
86900|26|0.48||||
86901|26|0.49||||
86902|26|0.66||||
86904|26|1.37||||
86905|26|0.67||||
86906|26|1.04||||
86940|26|1.46||||
86941|26|2.12||||
86945|26|5.03||||
86970|26|3.46||||
86971|26|3.46||||
86972|26|3.33||||
86975|26|3.33||||
86976|26|3.33||||
86977|26|3.33||||
86978|26|3.99||||
87003|26|2.99||||
87015|26|1.16||||
87040|26|1.8||||
87045|26|1.57||||
87046|26|0.52||||
87070|26|1.5||||
87071|26|1.04||||
87073|26|1.04||||
87075|26|1.68||||
87076|26|1.44||||
87077|26|1.33||||
87081|26|1.14||||
87084|26|1.88||||
87086|26|1.13||||
87088|26|1.22||||
87101|26|1.37||||
87102|26|1.49||||
87103|26|1.6||||
87106|26|1.62||||
87107|26|1.84||||
87109|26|2.74||||
87110|26|3.46||||
87116|26|1.82||||
87118|26|2.34||||
87140|26|0.99||||
87143|26|2.23||||
87147|26|0.73||||
87149|26|3.25||||
87150|26|4.61||||
87152|26|1.14||||
87153|26|20.51||||
87158|26|1.14||||
87164|26|1.91||||
87166|26|2.01||||
87168|26|0.76||||
87169|26|0.76||||
87172|26|0.76||||
87176|26|1.05||||
87177|26|1.44||||
87181|26|0.23||||
87184|26|0.85||||
87185|26|0.24||||
87186|26|1.5||||
87187|26|2.26||||
87188|26|1.18||||
87190|26|0.91||||
87197|26|2.67||||
87205|26|0.69||||
87206|26|0.96||||
87207|26|1.07||||
87209|26|3.2||||
87210|26|0.71||||
87220|26|0.75||||
87230|26|3.51||||
87250|26|3.48||||
87252|26|4.26||||
87253|26|3.2||||
87254|26|1.08||||
87255|26|6.02||||
87260|26|2.02||||
87265|26|2.02||||
87267|26|2.02||||
87269|26|2.02||||
87270|26|2.02||||
87271|26|2.02||||
87272|26|2.02||||
87273|26|2.02||||
87274|26|2.02||||
87275|26|1.19||||
87276|26|1.19||||
87278|26|2.02||||
87279|26|2.02||||
87280|26|1.77||||
87281|26|2.02||||
87283|26|2.02||||
87285|26|2.02||||
87290|26|2.02||||
87299|26|2.02||||
87300|26|1.03||||
87301|26|2.02||||
87305|26|1.73||||
87320|26|2.02||||
87324|26|1.68||||
87327|26|2.02||||
87328|26|1.72||||
87329|26|1.66||||
87332|26|2.02||||
87335|26|2.02||||
87336|26|2.02||||
87337|26|2.02||||
87338|26|2.56||||
87339|26|2.02||||
87340|26|1.82||||
87341|26|1.84||||
87350|26|2.05||||
87380|26|2.94||||
87385|26|2.02||||
87389|26|4.05||||
87390|26|3.3||||
87391|26|3.5||||
87400|26|1.16||||
87420|26|0.58||||
87425|26|1.77||||
87427|26|1.76||||
87430|26|1.64||||
87449|26|1.68||||
87451|26|1.19||||
87471|26|6.24||||
87472|26|7.62||||
87475|26|3.56||||
87476|26|6.24||||
87480|26|3.57||||
87481|26|6.24||||
87482|26|8.92||||
87485|26|3.56||||
87486|26|6.24||||
87487|26|7.62||||
87490|26|3.43||||
87491|26|5.12||||
87492|26|7.61||||
87493|26|5.73||||
87495|26|4.37||||
87496|26|6.24||||
87497|26|7.62||||
87498|26|6.24||||
87500|26|6.24||||
87501|26|9.12||||
87502|26|15.33||||
87503|26|4.52||||
87510|26|3.57||||
87511|26|6.24||||
87512|26|7.42||||
87516|26|6.24||||
87517|26|7.62||||
87520|26|4.37||||
87521|26|6.24||||
87522|26|6.3||||
87525|26|4.37||||
87526|26|6.28||||
87527|26|7.42||||
87528|26|3.56||||
87529|26|4.91||||
87530|26|7.62||||
87531|26|4.37||||
87532|26|6.24||||
87533|26|7.42||||
87534|26|3.57||||
87535|26|6.24||||
87536|26|15.13||||
87537|26|3.56||||
87538|26|6.24||||
87539|26|9.33||||
87540|26|3.57||||
87541|26|6.24||||
87542|26|7.42||||
87550|26|3.57||||
87551|26|7.64||||
87552|26|7.62||||
87555|26|4.3||||
87556|26|6.67||||
87557|26|7.62||||
87560|26|4.37||||
87561|26|6.24||||
87562|26|7.62||||
87580|26|3.57||||
87581|26|6.24||||
87582|26|9.09||||
87590|26|2.52||||
87591|26|5.07||||
87592|26|7.62||||
87631|26|12.21||||
87632|26|30.92||||
87633|26|74.09||||
87634|26|12.48||||
87640|26|6.24||||
87641|26|6.18||||
87650|26|3.57||||
87651|26|6.24||||
87652|26|7.42||||
87653|26|6.1||||
87660|26|3.57||||
87797|26|4.37||||
87798|26|6.03||||
87799|26|7.62||||
87800|26|4.43||||
87801|26|7.76||||
87802|26|2.02||||
87803|26|2.02||||
87804|26|1.77||||
87807|26|1.71||||
87808|26|2.02||||
87809|26|2.02||||
87810|26|2.02||||
87850|26|2.02||||
87880|26|1.4||||
87899|26|0.97||||
87900|26|23.17||||
87901|26|45.77||||
87902|26|45.77||||
87903|26|86.87||||
87904|26|4.63||||
87906|26|22.88||||
87910|26|4.68||||
87912|26|4.68||||
88104|26|20.66||||
88106|26|20.66||||
88108|26|23.14||||
88112|26|23.15||||
88120|26|323.43||||
88121|26|270.28||||
88130|26|12.78||||
88140|26|5.68||||
88141|26|10.53||||
88142|26|14.4||||
88143|26|14.74||||
88147|26|9.91||||
88148|26|10.8||||
88150|26|9.2||||
88152|26|9.2||||
88153|26|9.2||||
88155|26|5.22||||
88160|26|25.56||||
88161|26|16.53||||
88162|26|38.96||||
88164|26|7.72||||
88165|26|9.2||||
88166|26|9.2||||
88167|26|9.2||||
88172|26|22.63||||
88173|26|41.58||||
88174|26|14.63||||
88175|26|18.8||||
88177|26|4.78||||
88182|26|70.38||||
88187|26|32.96||||
88188|26|55.88||||
88189|26|69.18||||
88230|26|80.78||||
88233|26|100.06||||
88235|26|60.02||||
88237|26|79.71||||
88239|26|104.9||||
88240|26|6.39||||
88241|26|6.39||||
88245|26|121.38||||
88248|26|123.14||||
88249|26|123.14||||
88261|26|152.0||||
88262|26|86.25||||
88263|26|106.87||||
88264|26|92.54||||
88267|26|127.84||||
88269|26|118.27||||
88271|26|13.44||||
88272|26|23.32||||
88273|26|22.85||||
88274|26|27.12||||
88275|26|25.34||||
88280|26|15.34||||
88283|26|7.77||||
88285|26|6.08||||
88289|26|9.66||||
88291|26|13.62||||
88300|26|6.7||||
88302|26|16.75||||
88304|26|24.38||||
88305|26|32.79||||
88307|26|70.11||||
88309|26|148.38||||
88311|26|6.32||||
88312|26|26.26||||
88313|26|27.41||||
88314|26|34.58||||
88319|26|55.02||||
88321|26|60.98||||
88323|26|70.73||||
88325|26|81.21||||
88329|26|25.98||||
88331|26|35.62||||
88332|26|15.51||||
88333|26|50.03||||
88334|26|39.74||||
88341|26|18.79||||
88342|26|43.03||||
88344|26|34.62||||
88346|26|44.84||||
88348|26|190.17||||
88350|26|24.57||||
88355|26|93.85||||
88356|26|144.65||||
88358|26|53.42||||
88360|26|45.39||||
88361|26|64.13||||
88362|26|144.41||||
88364|26|18.39||||
88365|26|18.39||||
88366|26|53.35||||
88367|26|76.86||||
88368|26|60.33||||
88369|26|21.08||||
88371|26|15.81||||
88372|26|16.78||||
88373|26|17.82||||
88374|26|38.85||||
88377|26|55.7||||
88380|26|95.06||||
88381|26|90.26||||
88387|26|6.07||||
88388|26|6.02||||
89049|26|174.14||||
89050|26|2.84||||
89051|26|3.89||||
89060|26|5.09||||
89125|26|3.76||||
89160|26|3.1||||
89190|26|3.7||||
89220|26|8.26||||
89230|26|0.44||||
G0416|26|92.42||||
Q0111|26|0.73||||
Q0112|26|0.93||||
Q0113|26|0.76||||
S3620|26|168.8||||
80047|TC|6.54||||
80048|TC|5.82||||
80051|TC|4.98||||
80053|TC|7.35||||
80055|TC|28.66||||
80061|TC|9.23||||
80069|TC|6.08||||
80074|TC|27.89||||
80076|TC|5.1||||
80150|TC|10.72||||
80156|TC|10.09||||
80157|TC|8.79||||
80158|TC|12.83||||
80162|TC|9.44||||
80164|TC|9.63||||
80168|TC|11.62||||
80170|TC|11.65||||
80173|TC|10.36||||
80176|TC|10.45||||
80178|TC|4.7||||
80184|TC|6.72||||
80185|TC|9.42||||
80186|TC|9.78||||
80188|TC|11.8||||
80190|TC|14.59||||
80192|TC|11.91||||
80194|TC|10.38||||
80195|TC|9.59||||
80197|TC|9.77||||
80198|TC|10.06||||
80200|TC|11.46||||
80201|TC|8.47||||
80202|TC|9.63||||
80299|TC|10.07||||
80400|TC|26.1||||
80402|TC|69.57||||
80406|TC|62.61||||
80408|TC|100.4||||
80410|TC|64.3||||
80412|TC|296.83||||
80414|TC|41.31||||
80415|TC|44.71||||
80418|TC|463.58||||
80420|TC|64.88||||
80422|TC|36.86||||
80424|TC|40.4||||
80426|TC|118.73||||
80428|TC|53.36||||
80430|TC|70.68||||
80432|TC|116.09||||
80434|TC|91.1||||
80435|TC|82.4||||
80436|TC|72.93||||
80438|TC|40.33||||
80439|TC|53.77||||
81000|TC|2.06||||
81001|TC|2.22||||
81002|TC|1.72||||
81003|TC|1.57||||
81005|TC|1.42||||
81015|TC|2.0||||
81508|TC|54.47||||
81511|TC|54.47||||
82009|TC|3.01||||
82010|TC|5.72||||
82013|TC|7.94||||
82016|TC|10.55||||
82017|TC|11.99||||
82024|TC|27.46||||
82030|TC|18.34||||
82040|TC|3.22||||
82042|TC|2.26||||
82043|TC|4.06||||
82045|TC|24.14||||
82085|TC|6.9||||
82088|TC|28.98||||
82103|TC|9.55||||
82104|TC|10.29||||
82105|TC|68.0||||
82106|TC|9.62||||
82107|TC|45.81||||
82108|TC|15.78||||
82120|TC|3.21||||
82127|TC|9.86||||
82128|TC|9.86||||
82131|TC|14.69||||
82135|TC|11.7||||
82136|TC|12.55||||
82139|TC|11.99||||
82140|TC|10.36||||
82143|TC|5.98||||
82150|TC|4.58||||
82154|TC|20.5||||
82157|TC|20.82||||
82160|TC|17.78||||
82163|TC|14.59||||
82164|TC|10.38||||
82172|TC|10.52||||
82175|TC|13.49||||
82180|TC|7.03||||
82232|TC|11.5||||
82239|TC|11.65||||
82240|TC|18.9||||
82247|TC|3.27||||
82248|TC|3.53||||
82252|TC|3.24||||
82261|TC|11.09||||
82270|TC|2.34||||
82271|TC|2.83||||
82272|TC|1.28||||
82274|TC|11.31||||
82286|TC|3.66||||
82300|TC|16.46||||
82306|TC|16.58||||
82308|TC|19.05||||
82310|TC|3.28||||
82330|TC|9.73||||
82331|TC|4.5||||
82340|TC|4.29||||
82355|TC|8.23||||
82360|TC|9.15||||
82365|TC|9.17||||
82370|TC|8.9||||
82373|TC|7.46||||
82374|TC|1.09||||
82375|TC|8.76||||
82376|TC|4.26||||
82378|TC|13.48||||
82379|TC|11.99||||
82380|TC|6.56||||
82382|TC|14.98||||
82383|TC|18.61||||
82384|TC|17.96||||
82387|TC|12.83||||
82390|TC|7.64||||
82397|TC|10.04||||
82415|TC|9.01||||
82435|TC|2.41||||
82436|TC|3.51||||
82438|TC|3.47||||
82441|TC|4.27||||
82465|TC|3.1||||
82480|TC|5.6||||
82482|TC|6.27||||
82485|TC|14.69||||
82495|TC|14.42||||
82507|TC|19.77||||
82523|TC|13.29||||
82525|TC|8.82||||
82528|TC|16.02||||
82530|TC|11.88||||
82533|TC|11.59||||
82540|TC|3.3||||
82542|TC|12.28||||
82550|TC|4.63||||
82552|TC|9.52||||
82553|TC|8.1||||
82554|TC|8.44||||
82565|TC|3.45||||
82570|TC|3.68||||
82575|TC|6.72||||
82585|TC|7.47||||
82595|TC|4.26||||
82600|TC|13.79||||
82607|TC|10.66||||
82608|TC|10.18||||
82610|TC|11.84||||
82615|TC|6.11||||
82626|TC|17.98||||
82627|TC|15.7||||
82633|TC|22.03||||
82634|TC|20.82||||
82638|TC|8.71||||
82652|TC|26.54||||
82656|TC|8.08||||
82657|TC|14.19||||
82658|TC|15.73||||
82664|TC|19.21||||
82668|TC|13.37||||
82670|TC|19.77||||
82671|TC|22.97||||
82672|TC|15.42||||
82677|TC|17.19||||
82679|TC|17.74||||
82693|TC|10.6||||
82696|TC|16.79||||
82705|TC|3.62||||
82710|TC|11.95||||
82715|TC|14.7||||
82725|TC|11.6||||
82726|TC|12.84||||
82728|TC|9.66||||
82731|TC|44.95||||
82735|TC|13.18||||
82746|TC|10.46||||
82747|TC|9.19||||
82759|TC|15.26||||
82760|TC|7.96||||
82775|TC|14.98||||
82776|TC|6.32||||
82784|TC|4.86||||
82785|TC|11.68||||
82787|TC|5.7||||
82800|TC|5.34||||
82803|TC|9.48||||
82805|TC|19.44||||
82810|TC|6.26||||
82820|TC|8.54||||
82930|TC|4.3||||
82938|TC|12.58||||
82941|TC|12.54||||
82943|TC|10.16||||
82945|TC|2.63||||
82946|TC|11.38||||
82947|TC|2.64||||
82948|TC|2.17||||
82950|TC|3.35||||
82951|TC|9.02||||
82952|TC|2.77||||
82955|TC|6.9||||
82960|TC|4.3||||
82963|TC|15.28||||
82965|TC|6.74||||
82977|TC|5.12||||
82978|TC|10.14||||
82979|TC|6.0||||
82985|TC|10.73||||
83001|TC|13.13||||
83002|TC|13.1||||
83003|TC|11.86||||
83009|TC|47.9||||
83010|TC|8.79||||
83012|TC|14.98||||
83015|TC|9.73||||
83018|TC|15.62||||
83020|TC|8.74||||
83021|TC|12.32||||
83026|TC|2.06||||
83030|TC|6.87||||
83033|TC|5.11||||
83036|TC|6.83||||
83045|TC|4.15||||
83050|TC|5.07||||
83051|TC|5.2||||
83060|TC|5.88||||
83065|TC|5.76||||
83068|TC|6.06||||
83069|TC|2.81||||
83070|TC|3.38||||
83080|TC|11.99||||
83088|TC|21.0||||
83090|TC|11.99||||
83150|TC|9.12||||
83491|TC|12.46||||
83497|TC|9.17||||
83498|TC|19.14||||
83500|TC|16.1||||
83505|TC|17.28||||
83516|TC|6.88||||
83518|TC|4.74||||
83519|TC|9.82||||
83520|TC|8.19||||
83525|TC|6.4||||
83527|TC|9.21||||
83528|TC|12.68||||
83540|TC|4.58||||
83550|TC|5.51||||
83570|TC|6.3||||
83582|TC|10.08||||
83586|TC|9.1||||
83593|TC|18.7||||
83605|TC|7.53||||
83615|TC|4.3||||
83625|TC|9.1||||
83630|TC|13.96||||
83631|TC|13.96||||
83632|TC|14.38||||
83633|TC|4.78||||
83655|TC|8.5||||
83661|TC|15.63||||
83662|TC|13.44||||
83663|TC|8.37||||
83664|TC|4.18||||
83670|TC|6.52||||
83690|TC|4.86||||
83695|TC|9.21||||
83698|TC|29.56||||
83700|TC|8.01||||
83701|TC|21.62||||
83704|TC|22.44||||
83718|TC|5.4||||
83719|TC|8.27||||
83721|TC|6.58||||
83727|TC|12.22||||
83735|TC|4.77||||
83775|TC|5.24||||
83785|TC|17.49||||
83789|TC|13.07||||
83825|TC|11.3||||
83835|TC|12.05||||
83857|TC|7.63||||
83861|TC|14.38||||
83864|TC|12.75||||
83872|TC|4.17||||
83873|TC|12.23||||
83874|TC|9.18||||
83880|TC|24.12||||
83883|TC|9.67||||
83885|TC|17.43||||
83915|TC|7.93||||
83916|TC|17.52||||
83918|TC|14.33||||
83919|TC|11.7||||
83921|TC|11.74||||
83930|TC|4.7||||
83935|TC|4.82||||
83945|TC|9.25||||
83970|TC|27.87||||
83986|TC|2.54||||
83987|TC|2.54||||
83993|TC|13.96||||
84030|TC|3.91||||
84035|TC|2.6||||
84060|TC|5.25||||
84066|TC|6.87||||
84075|TC|3.3||||
84078|TC|4.86||||
84080|TC|10.51||||
84081|TC|11.74||||
84085|TC|5.87||||
84087|TC|7.34||||
84100|TC|3.37||||
84105|TC|3.7||||
84106|TC|3.72||||
84110|TC|6.0||||
84119|TC|7.5||||
84120|TC|10.46||||
84126|TC|22.18||||
84132|TC|2.75||||
84133|TC|3.06||||
84134|TC|9.98||||
84135|TC|13.62||||
84138|TC|13.47||||
84140|TC|14.7||||
84143|TC|16.22||||
84144|TC|14.64||||
84145|TC|17.77||||
84146|TC|13.69||||
84150|TC|21.74||||
84152|TC|13.08||||
84153|TC|13.08||||
84154|TC|10.3||||
84155|TC|2.37||||
84156|TC|2.61||||
84157|TC|2.39||||
84160|TC|3.68||||
84163|TC|10.7||||
84165|TC|7.64||||
84166|TC|12.68||||
84181|TC|12.11||||
84182|TC|15.67||||
84202|TC|10.2||||
84203|TC|6.23||||
84206|TC|15.51||||
84207|TC|19.98||||
84210|TC|9.26||||
84220|TC|6.71||||
84228|TC|8.27||||
84233|TC|49.59||||
84234|TC|42.5||||
84235|TC|45.58||||
84238|TC|26.0||||
84244|TC|15.64||||
84252|TC|14.39||||
84255|TC|18.15||||
84260|TC|22.03||||
84270|TC|14.98||||
84275|TC|9.55||||
84285|TC|16.74||||
84295|TC|2.81||||
84300|TC|3.46||||
84302|TC|3.46||||
84305|TC|14.71||||
84307|TC|13.0||||
84311|TC|5.18||||
84315|TC|2.1||||
84375|TC|17.07||||
84376|TC|3.75||||
84377|TC|3.91||||
84378|TC|8.19||||
84379|TC|8.19||||
84392|TC|3.51||||
84402|TC|18.11||||
84403|TC|18.24||||
84425|TC|15.1||||
84430|TC|8.27||||
84432|TC|11.42||||
84436|TC|4.14||||
84437|TC|4.6||||
84439|TC|6.33||||
84442|TC|10.51||||
84443|TC|11.81||||
84445|TC|36.16||||
84446|TC|9.6||||
84450|TC|3.53||||
84460|TC|3.66||||
84466|TC|8.81||||
84478|TC|4.02||||
84479|TC|4.54||||
84480|TC|10.07||||
84481|TC|9.54||||
84482|TC|11.21||||
84484|TC|6.78||||
84485|TC|5.12||||
84488|TC|5.19||||
84490|TC|6.35||||
84510|TC|7.4||||
84512|TC|6.46||||
84520|TC|2.52||||
84525|TC|3.28||||
84540|TC|2.65||||
84545|TC|4.7||||
84550|TC|3.21||||
84560|TC|3.38||||
84577|TC|10.86||||
84578|TC|2.83||||
84580|TC|6.11||||
84583|TC|3.87||||
84585|TC|11.02||||
84588|TC|24.14||||
84590|TC|8.17||||
84591|TC|10.1||||
84597|TC|9.76||||
84600|TC|11.43||||
84620|TC|8.42||||
84630|TC|8.1||||
84681|TC|14.26||||
84702|TC|10.59||||
84703|TC|5.17||||
84704|TC|10.7||||
84830|TC|7.76||||
85002|TC|3.21||||
85004|TC|4.14||||
85007|TC|2.17||||
85008|TC|0.42||||
85009|TC|3.24||||
85013|TC|1.62||||
85014|TC|1.69||||
85018|TC|1.66||||
85025|TC|5.4||||
85027|TC|4.57||||
85032|TC|3.06||||
85041|TC|2.14||||
85044|TC|2.11||||
85045|TC|2.84||||
85046|TC|3.69||||
85048|TC|1.81||||
85049|TC|3.02||||
85055|TC|22.87||||
85130|TC|8.46||||
85170|TC|3.15||||
85175|TC|3.96||||
85210|TC|9.23||||
85220|TC|12.55||||
85230|TC|12.73||||
85240|TC|12.69||||
85244|TC|14.52||||
85245|TC|16.31||||
85246|TC|16.31||||
85247|TC|16.31||||
85250|TC|13.54||||
85260|TC|12.73||||
85270|TC|12.73||||
85280|TC|13.76||||
85290|TC|11.62||||
85291|TC|6.33||||
85292|TC|13.46||||
85293|TC|13.46||||
85300|TC|8.38||||
85301|TC|7.69||||
85302|TC|8.54||||
85303|TC|9.84||||
85305|TC|8.26||||
85306|TC|10.9||||
85307|TC|10.9||||
85335|TC|9.15||||
85337|TC|9.08||||
85345|TC|3.06||||
85347|TC|2.92||||
85348|TC|2.87||||
85360|TC|5.98||||
85362|TC|4.73||||
85366|TC|6.86||||
85370|TC|8.08||||
85378|TC|5.2||||
85379|TC|7.24||||
85380|TC|3.78||||
85384|TC|6.1||||
85385|TC|7.4||||
85390|TC|4.5||||
85396|TC|14.18||||
85400|TC|5.47||||
85410|TC|5.48||||
85415|TC|12.22||||
85420|TC|4.65||||
85421|TC|4.9||||
85441|TC|2.98||||
85445|TC|4.85||||
85460|TC|5.02||||
85461|TC|3.34||||
85475|TC|6.31||||
85520|TC|9.18||||
85525|TC|8.08||||
85530|TC|9.31||||
85536|TC|4.6||||
85540|TC|6.12||||
85547|TC|6.12||||
85549|TC|13.34||||
85555|TC|4.78||||
85557|TC|9.5||||
85576|TC|9.52||||
85597|TC|12.78||||
85598|TC|12.78||||
85610|TC|2.79||||
85611|TC|2.81||||
85612|TC|8.34||||
85613|TC|6.76||||
85635|TC|7.0||||
85651|TC|1.9||||
85652|TC|1.92||||
85660|TC|3.62||||
85670|TC|3.99||||
85675|TC|4.86||||
85705|TC|6.85||||
85730|TC|4.27||||
85732|TC|4.6||||
85810|TC|8.3||||
86000|TC|4.26||||
86001|TC|4.54||||
86003|TC|3.71||||
86021|TC|10.7||||
86022|TC|13.06||||
86023|TC|8.86||||
86038|TC|8.5||||
86039|TC|7.94||||
86060|TC|5.19||||
86063|TC|4.1||||
86140|TC|3.68||||
86141|TC|8.85||||
86146|TC|16.38||||
86147|TC|14.26||||
86148|TC|11.42||||
86155|TC|11.37||||
86156|TC|5.17||||
86157|TC|5.74||||
86160|TC|8.41||||
86161|TC|8.54||||
86162|TC|14.46||||
86171|TC|7.12||||
86200|TC|5.68||||
86215|TC|9.42||||
86225|TC|9.77||||
86226|TC|8.61||||
86235|TC|11.67||||
86255|TC|6.9||||
86256|TC|8.31||||
86277|TC|11.19||||
86280|TC|5.82||||
86294|TC|16.36||||
86300|TC|14.8||||
86301|TC|14.8||||
86304|TC|14.8||||
86308|TC|3.59||||
86309|TC|4.6||||
86310|TC|5.24||||
86316|TC|14.8||||
86317|TC|8.39||||
86318|TC|11.28||||
86320|TC|19.14||||
86325|TC|15.9||||
86327|TC|19.14||||
86329|TC|9.99||||
86331|TC|4.72||||
86332|TC|17.33||||
86334|TC|15.89||||
86335|TC|20.87||||
86336|TC|11.08||||
86337|TC|15.22||||
86340|TC|10.72||||
86341|TC|14.47||||
86343|TC|8.86||||
86344|TC|6.65||||
86353|TC|34.86||||
86355|TC|26.82||||
86356|TC|19.04||||
86357|TC|26.7||||
86359|TC|26.82||||
86360|TC|33.41||||
86361|TC|19.04||||
86367|TC|32.86||||
86376|TC|10.34||||
86382|TC|12.02||||
86384|TC|8.71||||
86403|TC|7.38||||
86406|TC|7.56||||
86430|TC|4.03||||
86431|TC|4.02||||
86480|TC|34.71||||
86481|TC|55.82||||
86590|TC|8.1||||
86592|TC|2.54||||
86593|TC|3.13||||
86602|TC|7.24||||
86603|TC|9.15||||
86606|TC|10.7||||
86609|TC|9.16||||
86611|TC|7.24||||
86612|TC|9.18||||
86615|TC|9.38||||
86617|TC|11.02||||
86618|TC|12.11||||
86619|TC|9.51||||
86622|TC|6.35||||
86625|TC|9.33||||
86628|TC|8.54||||
86631|TC|8.41||||
86632|TC|9.02||||
86635|TC|8.16||||
86638|TC|8.62||||
86641|TC|10.25||||
86644|TC|9.9||||
86645|TC|11.49||||
86648|TC|10.82||||
86651|TC|9.38||||
86652|TC|9.38||||
86653|TC|9.38||||
86654|TC|9.38||||
86658|TC|9.26||||
86663|TC|9.33||||
86664|TC|10.88||||
86665|TC|12.66||||
86666|TC|7.24||||
86668|TC|9.06||||
86671|TC|8.71||||
86674|TC|10.46||||
86677|TC|10.36||||
86682|TC|9.25||||
86684|TC|11.26||||
86687|TC|5.97||||
86688|TC|9.96||||
86689|TC|13.76||||
86692|TC|12.2||||
86694|TC|8.33||||
86695|TC|9.38||||
86696|TC|13.76||||
86698|TC|8.89||||
86701|TC|6.32||||
86702|TC|9.45||||
86703|TC|9.57||||
86704|TC|8.57||||
86705|TC|8.3||||
86706|TC|7.61||||
86707|TC|3.74||||
86708|TC|8.81||||
86709|TC|7.93||||
86710|TC|9.64||||
86711|TC|10.81||||
86713|TC|10.88||||
86717|TC|8.71||||
86720|TC|9.78||||
86723|TC|9.38||||
86727|TC|9.15||||
86732|TC|9.6||||
86735|TC|9.27||||
86738|TC|9.42||||
86741|TC|9.38||||
86744|TC|10.23||||
86747|TC|10.69||||
86750|TC|9.38||||
86753|TC|8.81||||
86756|TC|8.95||||
86757|TC|13.76||||
86759|TC|11.49||||
86762|TC|10.23||||
86765|TC|9.16||||
86768|TC|9.38||||
86771|TC|11.49||||
86774|TC|10.52||||
86777|TC|10.23||||
86778|TC|10.24||||
86780|TC|9.12||||
86784|TC|8.94||||
86787|TC|9.1||||
86788|TC|11.98||||
86789|TC|10.23||||
86790|TC|9.16||||
86793|TC|9.38||||
86800|TC|8.91||||
86803|TC|10.06||||
86804|TC|11.02||||
86805|TC|38.82||||
86806|TC|29.39||||
86807|TC|30.59||||
86808|TC|21.1||||
86812|TC|18.35||||
86813|TC|41.24||||
86816|TC|19.81||||
86817|TC|46.25||||
86821|TC|15.59||||
86825|TC|69.95||||
86826|TC|23.32||||
86828|TC|34.47||||
86829|TC|18.7||||
86830|TC|8.22||||
86831|TC|8.22||||
86832|TC|8.22||||
86833|TC|8.22||||
86834|TC|8.22||||
86835|TC|8.22||||
86850|TC|2.08||||
86860|TC|15.86||||
86870|TC|13.22||||
86880|TC|3.83||||
86885|TC|4.07||||
86886|TC|3.38||||
86900|TC|1.9||||
86901|TC|1.97||||
86902|TC|2.62||||
86904|TC|5.47||||
86905|TC|2.68||||
86906|TC|4.17||||
86940|TC|5.83||||
86941|TC|8.46||||
86945|TC|20.13||||
86970|TC|13.82||||
86971|TC|13.82||||
86972|TC|13.32||||
86975|TC|13.32||||
86976|TC|13.32||||
86977|TC|13.32||||
86978|TC|15.98||||
87003|TC|11.98||||
87015|TC|4.65||||
87040|TC|7.18||||
87045|TC|6.28||||
87046|TC|2.09||||
87070|TC|6.01||||
87071|TC|4.18||||
87073|TC|4.18||||
87075|TC|6.74||||
87076|TC|5.74||||
87077|TC|5.32||||
87081|TC|4.54||||
87084|TC|7.5||||
87086|TC|4.52||||
87088|TC|4.86||||
87101|TC|5.48||||
87102|TC|5.95||||
87103|TC|6.41||||
87106|TC|6.5||||
87107|TC|7.34||||
87109|TC|10.94||||
87110|TC|13.83||||
87116|TC|7.3||||
87118|TC|9.34||||
87140|TC|3.96||||
87143|TC|8.9||||
87147|TC|2.9||||
87149|TC|12.99||||
87150|TC|18.44||||
87152|TC|4.56||||
87153|TC|82.03||||
87158|TC|4.56||||
87164|TC|7.64||||
87166|TC|8.03||||
87168|TC|3.04||||
87169|TC|3.04||||
87172|TC|3.04||||
87176|TC|4.18||||
87177|TC|5.74||||
87181|TC|0.93||||
87184|TC|3.38||||
87185|TC|0.97||||
87186|TC|6.01||||
87187|TC|9.02||||
87188|TC|4.72||||
87190|TC|3.65||||
87197|TC|10.69||||
87205|TC|2.77||||
87206|TC|3.83||||
87207|TC|4.26||||
87209|TC|12.78||||
87210|TC|2.85||||
87220|TC|2.98||||
87230|TC|14.04||||
87250|TC|13.91||||
87252|TC|17.03||||
87253|TC|12.8||||
87254|TC|4.33||||
87255|TC|24.08||||
87260|TC|8.08||||
87265|TC|8.08||||
87267|TC|8.08||||
87269|TC|8.08||||
87270|TC|8.08||||
87271|TC|8.08||||
87272|TC|8.08||||
87273|TC|8.08||||
87274|TC|8.08||||
87275|TC|4.74||||
87276|TC|4.78||||
87278|TC|8.08||||
87279|TC|8.08||||
87280|TC|7.07||||
87281|TC|8.08||||
87283|TC|8.08||||
87285|TC|8.08||||
87290|TC|8.08||||
87299|TC|8.08||||
87300|TC|4.11||||
87301|TC|8.08||||
87305|TC|6.93||||
87320|TC|8.08||||
87324|TC|6.71||||
87327|TC|8.08||||
87328|TC|6.9||||
87329|TC|6.62||||
87332|TC|8.08||||
87335|TC|8.08||||
87336|TC|8.08||||
87337|TC|8.08||||
87338|TC|10.23||||
87339|TC|8.08||||
87340|TC|7.3||||
87341|TC|7.34||||
87350|TC|8.19||||
87380|TC|11.75||||
87385|TC|8.08||||
87389|TC|16.21||||
87390|TC|13.2||||
87391|TC|14.02||||
87400|TC|4.63||||
87420|TC|2.34||||
87425|TC|7.09||||
87427|TC|7.06||||
87430|TC|6.54||||
87449|TC|6.72||||
87451|TC|4.74||||
87471|TC|24.95||||
87472|TC|30.46||||
87475|TC|14.26||||
87476|TC|24.95||||
87480|TC|14.26||||
87481|TC|24.95||||
87482|TC|35.67||||
87485|TC|14.26||||
87486|TC|24.95||||
87487|TC|30.46||||
87490|TC|13.74||||
87491|TC|20.47||||
87492|TC|30.45||||
87493|TC|22.91||||
87495|TC|17.46||||
87496|TC|24.95||||
87497|TC|30.46||||
87498|TC|24.95||||
87500|TC|24.95||||
87501|TC|36.49||||
87502|TC|61.31||||
87503|TC|18.09||||
87510|TC|14.26||||
87511|TC|24.95||||
87512|TC|29.7||||
87516|TC|24.95||||
87517|TC|30.46||||
87520|TC|17.46||||
87521|TC|24.95||||
87522|TC|25.21||||
87525|TC|17.46||||
87526|TC|25.13||||
87527|TC|29.7||||
87528|TC|14.26||||
87529|TC|19.65||||
87530|TC|30.46||||
87531|TC|17.46||||
87532|TC|24.95||||
87533|TC|29.7||||
87534|TC|14.26||||
87535|TC|24.95||||
87536|TC|60.51||||
87537|TC|14.26||||
87538|TC|24.95||||
87539|TC|37.3||||
87540|TC|14.26||||
87541|TC|24.95||||
87542|TC|29.7||||
87550|TC|14.26||||
87551|TC|30.57||||
87552|TC|30.46||||
87555|TC|17.2||||
87556|TC|26.67||||
87557|TC|30.46||||
87560|TC|17.46||||
87561|TC|24.95||||
87562|TC|30.46||||
87580|TC|14.26||||
87581|TC|24.95||||
87582|TC|36.37||||
87590|TC|10.09||||
87591|TC|20.29||||
87592|TC|30.46||||
87631|TC|48.86||||
87632|TC|123.67||||
87633|TC|296.38||||
87634|TC|49.91||||
87640|TC|24.95||||
87641|TC|24.7||||
87650|TC|14.26||||
87651|TC|24.95||||
87652|TC|29.7||||
87653|TC|24.42||||
87660|TC|14.26||||
87797|TC|17.46||||
87798|TC|24.12||||
87799|TC|30.46||||
87800|TC|17.74||||
87801|TC|31.04||||
87802|TC|8.08||||
87803|TC|8.08||||
87804|TC|7.08||||
87807|TC|6.86||||
87808|TC|8.08||||
87809|TC|8.08||||
87810|TC|8.08||||
87850|TC|8.08||||
87880|TC|5.59||||
87899|TC|3.9||||
87900|TC|92.69||||
87901|TC|183.07||||
87902|TC|183.07||||
87903|TC|347.49||||
87904|TC|18.54||||
87906|TC|91.54||||
87910|TC|18.7||||
87912|TC|18.7||||
88104|TC|5.16||||
88106|TC|5.16||||
88108|TC|5.78||||
88112|TC|37.77||||
88120|TC|39.98||||
88121|TC|36.86||||
88130|TC|3.19||||
88140|TC|1.42||||
88142|TC|3.6||||
88143|TC|3.69||||
88147|TC|2.48||||
88148|TC|2.7||||
88150|TC|2.3||||
88152|TC|2.3||||
88153|TC|2.3||||
88155|TC|1.3||||
88160|TC|6.39||||
88161|TC|4.13||||
88162|TC|9.74||||
88164|TC|1.93||||
88165|TC|2.3||||
88166|TC|2.3||||
88167|TC|2.3||||
88172|TC|5.66||||
88173|TC|10.4||||
88174|TC|3.66||||
88175|TC|4.7||||
88177|TC|16.96||||
88182|TC|17.6||||
88230|TC|20.2||||
88233|TC|25.02||||
88235|TC|15.01||||
88237|TC|19.93||||
88239|TC|26.22||||
88240|TC|1.6||||
88241|TC|1.6||||
88245|TC|30.34||||
88248|TC|30.79||||
88249|TC|30.79||||
88261|TC|38.0||||
88262|TC|21.56||||
88263|TC|26.72||||
88264|TC|23.14||||
88267|TC|31.96||||
88269|TC|29.57||||
88271|TC|3.36||||
88272|TC|5.83||||
88273|TC|5.71||||
88274|TC|6.78||||
88275|TC|6.34||||
88280|TC|3.83||||
88283|TC|1.94||||
88285|TC|1.52||||
88289|TC|2.42||||
88300|TC|1.67||||
88302|TC|4.19||||
88304|TC|6.1||||
88305|TC|8.2||||
88307|TC|17.53||||
88309|TC|37.09||||
88311|TC|1.58||||
88312|TC|6.57||||
88313|TC|6.85||||
88314|TC|8.65||||
88319|TC|13.76||||
88323|TC|17.68||||
88325|TC|20.3||||
88329|TC|6.5||||
88331|TC|8.9||||
88332|TC|3.88||||
88333|TC|29.39||||
88334|TC|9.94||||
88341|TC|41.83||||
88342|TC|10.76||||
88344|TC|70.3||||
88346|TC|11.21||||
88348|TC|47.54||||
88350|TC|40.09||||
88355|TC|23.46||||
88356|TC|36.16||||
88358|TC|13.36||||
88360|TC|11.35||||
88361|TC|16.03||||
88362|TC|36.1||||
88364|TC|69.19||||
88365|TC|69.19||||
88366|TC|80.03||||
88367|TC|19.21||||
88368|TC|15.08||||
88369|TC|44.79||||
88371|TC|3.95||||
88372|TC|4.19||||
88373|TC|36.19||||
88374|TC|146.15||||
88377|TC|136.38||||
88380|TC|23.76||||
88381|TC|22.57||||
88387|TC|24.26||||
88388|TC|24.07||||
89049|TC|43.54||||
89050|TC|0.71||||
89051|TC|0.97||||
89060|TC|1.27||||
89125|TC|0.94||||
89160|TC|0.78||||
89190|TC|0.93||||
89220|TC|2.07||||
89230|TC|1.76||||
G0416|TC|249.88||||
Q0111|TC|2.93||||
Q0112|TC|3.72||||
Q0113|TC|3.04||||
S3620|TC|42.2||||
88720||4.3||||23
