SVC_CD|Modifier_1|FEE|ASOFDATE
G0011||23.46|20240101
G0013||9.1|20240101
G0017||192.29|20240101
G0018||96.29|20240101
G0019||52.12|20240101
G0022||36.35|20240101
G0023||52.12|20240101
G0024||36.35|20240101
G0101||28.66|20240101
G0102||9.1|20240101
G0104||59.91|20240101
G0105||189.92|20240101
G0105|53|95.16|20240101
G0121||190.15|20240101
G0121|53|95.38|20240101
G0127||7.59|20240101
G0136||9.5|20240101
G0140||52.12|20240101
G0146||36.35|20240101
G0168||14.67|20240101
G0245||41.09|20240101
G0246||20.5|20240101
G0247||22.2|20240101
G0268||34.18|20240101
G0270||29.26|20240101
G0271||16.58|20240101
G0296||26.24|20240101
G0316||31.49|20240101
G0317||31.49|20240101
G0318||30.93|20240101
G0323||45.21|20240101
G0341||308.24|20240101
G0396||32.69|20240101
G0397||66.22|20240101
G0402||136.73|20240101
G0429||71.52|20240101
G0442||9.5|20240101
G0443||23.46|20240101
G0444||9.5|20240101
G0445||23.46|20240101
G0446||23.85|20240101
G0447||23.46|20240101
G0455||72.57|20240101
G0473||11.98|20240101
G0500||5.65|20240101
G0506||45.9|20240101
G0513||61.67|20240101
G0514||62.06|20240101
G0516||101.33|20240101
G0517||115.41|20240101
G0518||188.42|20240101
G2010||9.5|20240101
G2012||13.28|20240101
G2082||36.25|20240101
G2083||36.25|20240101
G2086||418.08|20240101
G2087||402.18|20240101
G2088||39.66|20240101
G2212||32.5|20240101
G2213||62.09|20240101
G2214||39.91|20240101
G2250||9.5|20240101
G2251||13.28|20240101
G2252||25.95|20240101
G3002||77.37|20240101
G3003||26.96|20240101
G9978||29.07|20240101
G9979||49.18|20240101
G9980||78.65|20240101
G9981||132.51|20240101
G9982||177.0|20240101
G9983||29.07|20240101
G9984||57.25|20240101
G9985||86.79|20240101
G9986||126.62|20240101
Q0091||18.94|20240101
0446T||58.85|20240101
0447T||69.03|20240101
0448T||98.15|20240101
10004||44.31|20240101
10005||74.54|20240101
10006||51.24|20240101
10007||90.97|20240101
10008||51.08|20240101
10009||110.23|20240101
10010||71.6|20240101
10021||56.29|20240101
10030||136.41|20240101
10035||85.3|20240101
10036||42.99|20240101
10040||54.42|20240101
10060||117.67|20240101
10061||199.9|20240101
10080||114.95|20240101
10081||181.15|20240101
10120||116.17|20240101
10121||195.57|20240101
10140||128.25|20240101
10160||104.91|20240101
10180||190.87|20240101
11000||28.25|20240101
11001||15.21|20240101
11010||289.87|20240101
11011||306.58|20240101
11012||428.49|20240101
11042||63.59|20240101
11043||159.02|20240101
11044||231.43|20240101
11045||25.51|20240101
11046||55.47|20240101
11047||97.86|20240101
11055||15.75|20240101
11056||22.26|20240101
11057||29.17|20240101
11102||39.35|20240101
11103||22.86|20240101
11104||48.56|20240101
11105||26.48|20240101
11106||58.51|20240101
11107||31.74|20240101
11200||84.75|20240101
11201||16.83|20240101
11300||35.35|20240101
11301||53.3|20240101
11302||62.16|20240101
11303||73.96|20240101
11305||38.26|20240101
11306||50.43|20240101
11307||64.38|20240101
11308||71.52|20240101
11310||47.31|20240101
11311||65.26|20240101
11312||77.23|20240101
11313||99.93|20240101
11400||93.24|20240101
11401||115.71|20240101
11402||126.09|20240101
11403||163.1|20240101
11404||178.03|20240101
11406||264.42|20240101
11420||90.18|20240101
11421||118.51|20240101
11422||148.47|20240101
11423||170.61|20240101
11424||195.02|20240101
11426||284.37|20240101
11440||119.63|20240101
11441||146.64|20240101
11442||160.82|20240101
11443||194.19|20240101
11444||242.33|20240101
11446||337.48|20240101
11450||282.19|20240101
11451||354.02|20240101
11462||269.42|20240101
11463||356.64|20240101
11470||307.87|20240101
11471||375.85|20240101
11600||132.13|20240101
11601||159.55|20240101
11602||173.41|20240101
11603||205.94|20240101
11604||225.55|20240101
11606||330.51|20240101
11620||133.09|20240101
11621||160.12|20240101
11622||181.44|20240101
11623||222.27|20240101
11624||251.38|20240101
11626||304.1|20240101
11640||137.18|20240101
11641||166.93|20240101
11642||194.43|20240101
11643||240.85|20240101
11644||296.97|20240101
11646||406.42|20240101
11719||7.59|20240101
11720||14.33|20240101
11721||24.02|20240101
11730||55.84|20240101
11732||17.16|20240101
11740||35.59|20240101
11750||109.63|20240101
11755||62.5|20240101
11760||117.38|20240101
11762||199.25|20240101
11765||101.75|20240101
11770||195.8|20240101
11771||479.08|20240101
11772||620.6|20240101
11900||31.22|20240101
11901||47.48|20240101
11920||120.36|20240101
11921||137.49|20240101
11922||29.7|20240101
11950||53.78|20240101
11951||75.29|20240101
11952||105.72|20240101
11954||115.37|20240101
11976||94.49|20240101
11980||56.56|20240101
11981||63.97|20240101
11982||74.6|20240101
11983||105.3|20240101
12001||45.57|20240101
12002||59.51|20240101
12004||74.06|20240101
12005||94.24|20240101
12006||115.62|20240101
12007||144.11|20240101
12011||56.11|20240101
12013||57.6|20240101
12014||74.48|20240101
12015||93.41|20240101
12016||126.71|20240101
12020||201.07|20240101
12021||151.64|20240101
12031||163.42|20240101
12032||205.52|20240101
12034||219.06|20240101
12035||255.24|20240101
12036||295.57|20240101
12037||342.33|20240101
12041||155.33|20240101
12042||209.77|20240101
12044||227.7|20240101
12045||291.32|20240101
12046||334.66|20240101
12047||369.61|20240101
12051||181.9|20240101
12052||213.35|20240101
12053||229.4|20240101
12054||231.64|20240101
12055||318.06|20240101
12056||407.84|20240101
12057||443.1|20240101
13100||212.59|20240101
13101||263.4|20240101
13102||73.8|20240101
13120||247.48|20240101
13121||272.6|20240101
13122||84.99|20240101
13131||255.73|20240101
13132||319.0|20240101
13133||129.75|20240101
13151||293.21|20240101
13152||352.71|20240101
13153||140.39|20240101
14000||543.75|20240101
14001||697.71|20240101
14020||613.72|20240101
14021||760.76|20240101
14040||670.99|20240101
14041||816.95|20240101
14060||715.22|20240101
14061||878.14|20240101
14301||921.67|20240101
15002||226.24|20240101
15003||45.44|20240101
15004||268.41|20240101
15005||90.59|20240101
15040||129.83|20240101
15050||494.36|20240101
15100||759.84|20240101
15101||114.19|20240101
15110||750.54|20240101
15111||101.93|20240101
15115||732.26|20240101
15116||139.17|20240101
15120||732.39|20240101
15121||136.7|20240101
15130||642.15|20240101
15131||91.68|20240101
15135||807.86|20240101
15136||91.68|20240101
15150||666.1|20240101
15151||108.3|20240101
15152||140.44|20240101
15155||773.49|20240101
15156||149.36|20240101
15157||162.76|20240101
15200||718.93|20240101
15201||78.05|20240101
15220||657.13|20240101
15221||70.76|20240101
15240||859.61|20240101
15241||109.95|20240101
15260||910.23|20240101
15261||140.62|20240101
15271||86.65|20240101
15272||17.08|20240101
15273||198.78|20240101
15274||44.82|20240101
15275||96.05|20240101
15276||25.29|20240101
15277||226.64|20240101
15278||56.23|20240101
15570||772.56|20240101
15572||786.08|20240101
15574||788.3|20240101
15576||693.64|20240101
15600||235.28|20240101
15610||269.35|20240101
15620||357.48|20240101
15630||376.27|20240101
15650||438.55|20240101
15730||977.92|20240101
15731||1062.22|20240101
15740||900.38|20240101
15760||748.17|20240101
15771||549.53|20240101
15772||152.38|20240101
15773||537.45|20240101
15774||147.3|20240101
15775||265.82|20240101
15776||363.09|20240101
15780||720.56|20240101
15781||464.7|20240101
15782||405.85|20240101
15783||388.96|20240101
15786||143.8|20240101
15787||17.18|20240101
15788||241.33|20240101
15789||449.39|20240101
15792||235.44|20240101
15793||392.94|20240101
15820||565.92|20240101
15821||600.88|20240101
15822||437.19|20240101
15823||602.24|20240101
15837||766.9|20240101
15839||786.18|20240101
15851||68.78|20240101
16000||46.43|20240101
16020||60.17|20240101
16025||117.14|20240101
16030||137.15|20240101
17000||60.87|20240101
17003||2.15|20240101
17004||106.04|20240101
17106||299.43|20240101
17107||390.05|20240101
17108||565.79|20240101
17110||76.29|20240101
17111||91.65|20240101
17250||40.37|20240101
17260||76.46|20240101
17261||94.22|20240101
17262||118.49|20240101
17263||130.8|20240101
17264||139.5|20240101
17266||163.04|20240101
17270||102.91|20240101
17271||112.85|20240101
17272||129.73|20240101
17273||146.21|20240101
17274||177.89|20240101
17276||213.8|20240101
17280||93.82|20240101
17281||126.46|20240101
17282||145.48|20240101
17283||181.22|20240101
17284||210.3|20240101
17286||284.67|20240101
17311||369.88|20240101
17312||196.74|20240101
17313||331.83|20240101
17314||182.4|20240101
17315||52.05|20240101
17340||52.15|20240101
17360||99.17|20240101
19000||42.87|20240101
19001||21.32|20240101
19020||337.79|20240101
19030||77.09|20240101
19081||165.45|20240101
19082||82.81|20240101
19083||156.23|20240101
19084||78.0|20240101
19085||182.09|20240101
19086||90.73|20240101
19100||69.1|20240101
19101||234.4|20240101
19105||211.09|20240101
19110||377.42|20240101
19112||348.79|20240101
19120||441.24|20240101
19125||486.16|20240101
19281||100.06|20240101
19282||50.23|20240101
19283||100.74|20240101
19284||50.29|20240101
19285||85.3|20240101
19286||42.76|20240101
19287||127.78|20240101
19288||63.75|20240101
19296||212.61|20240101
19298||333.42|20240101
19300||464.1|20240101
19350||719.87|20240101
19355||658.49|20240101
19396||149.54|20240101
20101||216.53|20240101
20102||265.62|20240101
20103||362.25|20240101
20200||98.44|20240101
20205||159.6|20240101
20206||59.5|20240101
20220||89.63|20240101
20225||132.64|20240101
20500||96.32|20240101
20501||36.9|20240101
20520||160.52|20240101
20525||262.76|20240101
20526||58.98|20240101
20527||68.91|20240101
20550||39.97|20240101
20551||39.74|20240101
20552||38.4|20240101
20553||43.65|20240101
20560||15.44|20240101
20561||23.08|20240101
20600||37.06|20240101
20604||47.09|20240101
20605||38.14|20240101
20606||53.48|20240101
20610||47.09|20240101
20611||60.86|20240101
20612||42.95|20240101
20615||174.7|20240101
20650||180.37|20240101
20665||106.36|20240101
20670||157.88|20240101
20680||449.76|20240101
20694||373.21|20240101
20900||187.55|20240101
20922||530.35|20240101
20950||94.1|20240101
20974||54.48|20240101
20979||32.57|20240101
20982||370.26|20240101
20983||346.2|20240101
21011||285.96|20240101
21013||432.99|20240101
21025||709.72|20240101
21026||466.63|20240101
21029||673.55|20240101
21030||391.45|20240101
21031||298.56|20240101
21032||284.51|20240101
21034||1194.63|20240101
21040||393.01|20240101
21073||258.28|20240101
21076||735.12|20240101
21077||1805.24|20240101
21079||1215.83|20240101
21080||1372.61|20240101
21081||1260.69|20240101
21082||1164.86|20240101
21083||1076.95|20240101
21084||1244.53|20240101
21085||505.74|20240101
21086||1330.22|20240101
21087||1330.22|20240101
21100||388.15|20240101
21110||793.99|20240101
21116||46.26|20240101
21120||557.51|20240101
21121||570.39|20240101
21125||711.08|20240101
21127||823.38|20240101
21208||788.16|20240101
21209||659.33|20240101
21210||811.73|20240101
21215||843.01|20240101
21235||619.2|20240101
21245||1018.07|20240101
21248||844.12|20240101
21249||1171.87|20240101
21270||794.03|20240101
21315||62.56|20240101
21320||99.55|20240101
21337||331.89|20240101
21345||691.6|20240101
21355||357.08|20240101
21356||438.09|20240101
21400||190.6|20240101
21401||362.21|20240101
21421||599.86|20240101
21440||690.06|20240101
21445||695.76|20240101
21450||539.37|20240101
21451||714.4|20240101
21452||521.28|20240101
21453||1043.9|20240101
21461||1180.34|20240101
21462||1282.0|20240101
21480||31.34|20240101
21485||885.93|20240101
21497||659.7|20240101
21501||367.4|20240101
21550||168.14|20240101
21555||332.09|20240101
21820||168.68|20240101
21920||166.63|20240101
21925||410.41|20240101
21930||391.56|20240101
22310||325.9|20240101
22315||835.84|20240101
22510||443.31|20240101
22511||418.15|20240101
22512||207.87|20240101
22513||524.71|20240101
22514||489.87|20240101
22515||219.06|20240101
22902||357.73|20240101
23000||392.05|20240101
23030||273.39|20240101
23031||241.39|20240101
23065||171.61|20240101
23066||404.59|20240101
23075||356.56|20240101
23330||183.89|20240101
23350||50.84|20240101
23500||262.45|20240101
23505||376.01|20240101
23520||274.07|20240101
23525||411.23|20240101
23540||270.99|20240101
23545||366.76|20240101
23570||278.41|20240101
23575||426.55|20240101
23600||362.78|20240101
23605||475.91|20240101
23620||297.69|20240101
23625||396.02|20240101
23650||337.89|20240101
23665||447.94|20240101
23675||554.45|20240101
23930||230.02|20240101
23931||177.42|20240101
24065||176.86|20240101
24066||459.13|20240101
24075||356.96|20240101
24200||153.66|20240101
24201||440.31|20240101
24220||67.96|20240101
24500||381.37|20240101
24505||503.05|20240101
24530||399.09|20240101
24535||631.75|20240101
24560||336.68|20240101
24565||551.0|20240101
24576||359.8|20240101
24577||564.22|20240101
24600||380.0|20240101
24640||86.91|20240101
24650||283.68|20240101
24655||456.29|20240101
24670||306.28|20240101
24675||466.31|20240101
25065||171.78|20240101
25075||344.54|20240101
25246||74.76|20240101
25500||295.88|20240101
25505||514.48|20240101
25520||603.92|20240101
25530||280.84|20240101
25535||510.84|20240101
25560||297.33|20240101
25565||514.3|20240101
25600||375.26|20240101
25605||566.28|20240101
25622||326.11|20240101
25624||501.8|20240101
25630||323.7|20240101
25635||476.51|20240101
25650||348.07|20240101
25675||461.05|20240101
26010||155.75|20240101
26011||202.2|20240101
26055||325.87|20240101
26115||366.7|20240101
26160||351.81|20240101
26341||85.72|20240101
26600||331.46|20240101
26605||339.56|20240101
26641||431.28|20240101
26645||442.02|20240101
26670||351.38|20240101
26675||472.63|20240101
26700||351.54|20240101
26705||446.03|20240101
26720||218.87|20240101
26725||343.88|20240101
26740||254.59|20240101
26742||375.44|20240101
26750||219.84|20240101
26755||308.42|20240101
26770||296.64|20240101
26775||401.96|20240101
26991||568.0|20240101
27040||212.06|20240101
27047||387.38|20240101
27086||185.19|20240101
27093||69.64|20240101
27095||83.91|20240101
27096||86.89|20240101
27200||217.97|20240101
27220||447.6|20240101
27230||527.01|20240101
27246||425.65|20240101
27256||247.75|20240101
27278||496.2|20240101
27301||547.93|20240101
27323||189.45|20240101
27327||342.04|20240101
27369||41.21|20240101
27372||432.34|20240101
27500||523.64|20240101
27501||542.5|20240101
27508||547.86|20240101
27516||539.71|20240101
27520||343.26|20240101
27530||332.44|20240101
27532||631.98|20240101
27538||502.12|20240101
27550||517.23|20240101
27560||382.6|20240101
27603||420.41|20240101
27604||348.58|20240101
27605||196.49|20240101
27613||174.85|20240101
27614||449.24|20240101
27618||332.13|20240101
27630||389.07|20240101
27648||52.73|20240101
27656||372.37|20240101
27685||505.35|20240101
27750||367.05|20240101
27752||537.86|20240101
27760||350.73|20240101
27762||488.19|20240101
27767||333.15|20240101
27780||325.74|20240101
27781||452.24|20240101
27786||326.75|20240101
27788||429.09|20240101
27808||349.67|20240101
27810||474.18|20240101
27816||335.06|20240101
27818||485.26|20240101
27824||345.27|20240101
27825||536.45|20240101
27830||405.2|20240101
28001||99.06|20240101
28002||145.8|20240101
28003||265.75|20240101
28008||318.74|20240101
28010||228.18|20240101
28011||303.41|20240101
28020||396.5|20240101
28022||355.38|20240101
28024||335.46|20240101
28035||388.39|20240101
28039||362.92|20240101
28043||283.11|20240101
28045||374.81|20240101
28050||302.74|20240101
28052||277.51|20240101
28054||254.97|20240101
28060||390.49|20240101
28062||434.4|20240101
28070||370.83|20240101
28072||353.48|20240101
28080||417.01|20240101
28086||380.16|20240101
28088||321.4|20240101
28090||335.54|20240101
28092||298.47|20240101
28100||452.8|20240101
28104||383.88|20240101
28107||373.0|20240101
28108||314.09|20240101
28110||320.09|20240101
28111||342.68|20240101
28112||339.73|20240101
28113||465.37|20240101
28114||902.91|20240101
28116||623.63|20240101
28118||457.18|20240101
28119||394.94|20240101
28120||534.61|20240101
28122||474.29|20240101
28124||364.13|20240101
28126||272.64|20240101
28140||451.12|20240101
28150||303.16|20240101
28153||288.47|20240101
28160||291.26|20240101
28190||143.08|20240101
28192||335.51|20240101
28193||393.68|20240101
28200||354.94|20240101
28202||459.33|20240101
28208||349.83|20240101
28210||457.01|20240101
28220||331.36|20240101
28222||399.43|20240101
28225||288.92|20240101
28226||438.51|20240101
28230||308.77|20240101
28232||263.44|20240101
28234||297.03|20240101
28238||523.6|20240101
28240||318.4|20240101
28250||444.85|20240101
28260||579.94|20240101
28261||896.87|20240101
28262||1170.27|20240101
28264||714.21|20240101
28270||363.42|20240101
28272||272.73|20240101
28280||372.56|20240101
28285||420.89|20240101
28286||322.66|20240101
28288||475.61|20240101
28289||499.03|20240101
28291||515.6|20240101
28292||526.26|20240101
28295||649.78|20240101
28296||553.4|20240101
28297||646.28|20240101
28298||547.22|20240101
28299||640.07|20240101
28304||656.81|20240101
28306||440.0|20240101
28307||562.87|20240101
28308||422.23|20240101
28310||393.12|20240101
28312||376.16|20240101
28313||392.1|20240101
28315||352.58|20240101
28322||621.29|20240101
28340||436.84|20240101
28341||517.59|20240101
28344||303.08|20240101
28345||389.48|20240101
28400||262.1|20240101
28405||451.29|20240101
28430||239.09|20240101
28435||369.12|20240101
28450||217.67|20240101
28455||254.21|20240101
28470||234.55|20240101
28475||255.72|20240101
28490||142.84|20240101
28495||169.13|20240101
28496||308.99|20240101
28505||536.19|20240101
28510||138.48|20240101
28515||163.41|20240101
28525||445.05|20240101
28530||116.04|20240101
28531||199.72|20240101
28540||198.59|20240101
28545||308.29|20240101
28546||396.73|20240101
28555||712.23|20240101
28570||226.36|20240101
28575||382.83|20240101
28585||759.22|20240101
28600||180.83|20240101
28605||347.3|20240101
28630||118.59|20240101
28635||141.99|20240101
28636||242.83|20240101
28645||526.23|20240101
28660||102.27|20240101
28665||137.19|20240101
28675||451.88|20240101
28740||661.95|20240101
28750||619.66|20240101
28755||363.14|20240101
28760||613.94|20240101
28820||182.98|20240101
28825||178.56|20240101
28890||242.17|20240101
29000||209.82|20240101
29010||172.04|20240101
29015||192.6|20240101
29035||155.15|20240101
29040||186.0|20240101
29044||179.79|20240101
29046||201.6|20240101
29049||75.09|20240101
29055||147.68|20240101
29058||99.44|20240101
29065||73.4|20240101
29075||67.58|20240101
29085||72.79|20240101
29086||54.01|20240101
29105||42.25|20240101
29125||43.72|20240101
29126||53.22|20240101
29130||30.04|20240101
29131||36.44|20240101
29200||18.84|20240101
29240||18.45|20240101
29260||19.46|20240101
29280||20.69|20240101
29305||170.01|20240101
29325||189.86|20240101
29345||105.25|20240101
29355||112.54|20240101
29358||109.52|20240101
29365||93.77|20240101
29405||63.07|20240101
29425||58.1|20240101
29435||92.21|20240101
29440||29.18|20240101
29445||103.18|20240101
29450||117.61|20240101
29505||56.36|20240101
29515||53.2|20240101
29520||18.84|20240101
29530||18.45|20240101
29540||17.5|20240101
29550||11.33|20240101
29580||26.6|20240101
29581||27.73|20240101
29584||16.08|20240101
29700||34.22|20240101
29705||46.24|20240101
29710||85.05|20240101
29720||45.52|20240101
29730||46.51|20240101
29740||71.17|20240101
29750||79.53|20240101
29870||447.44|20240101
29893||479.23|20240101
30000||132.49|20240101
30020||134.44|20240101
30100||73.72|20240101
30110||145.24|20240101
30117||460.0|20240101
30120||455.88|20240101
30140||186.36|20240101
30200||64.68|20240101
30210||113.88|20240101
30220||140.38|20240101
30300||137.37|20240101
30468||177.29|20240101
30469||158.24|20240101
30560||169.24|20240101
30580||494.81|20240101
30600||411.56|20240101
30801||171.36|20240101
30802||223.97|20240101
30901||57.46|20240101
30903||77.97|20240101
30905||107.96|20240101
30906||136.03|20240101
31000||122.2|20240101
31020||382.03|20240101
31030||564.37|20240101
31231||67.34|20240101
31233||142.6|20240101
31235||167.64|20240101
31237||168.06|20240101
31238||175.64|20240101
31242||164.5|20240101
31243||164.5|20240101
31254||252.13|20240101
31295||164.27|20240101
31296||186.48|20240101
31297||150.03|20240101
31298||265.02|20240101
31505||53.9|20240101
31510||127.91|20240101
31511||141.53|20240101
31512||136.44|20240101
31515||116.88|20240101
31525||167.75|20240101
31570||237.75|20240101
31572||188.65|20240101
31573||156.11|20240101
31574||156.73|20240101
31575||73.55|20240101
31576||126.1|20240101
31577||139.65|20240101
31578||156.73|20240101
31579||126.48|20240101
31612||49.07|20240101
31615||121.99|20240101
31622||134.77|20240101
31623||134.42|20240101
31624||136.21|20240101
31625||158.63|20240101
31626||198.93|20240101
31627||96.83|20240101
31628||178.56|20240101
31629||189.25|20240101
31632||49.3|20240101
31633||63.22|20240101
31634||190.65|20240101
31635||178.05|20240101
31645||149.78|20240101
31652||223.04|20240101
31653||246.93|20240101
31654||67.52|20240101
31717||108.62|20240101
31730||147.88|20240101
31820||358.34|20240101
31825||522.04|20240101
31830||401.71|20240101
32400||84.45|20240101
32408||153.26|20240101
32550||206.16|20240101
32552||163.49|20240101
32553||176.96|20240101
32554||89.52|20240101
32555||110.18|20240101
32556||124.54|20240101
32557||150.21|20240101
32560||75.95|20240101
32561||67.85|20240101
32562||60.72|20240101
32960||92.75|20240101
32994||438.31|20240101
32998||439.09|20240101
33285||87.09|20240101
33286||85.45|20240101
36002||104.76|20240101
36005||46.98|20240101
36010||106.48|20240101
36011||153.68|20240101
36012||171.34|20240101
36013||125.17|20240101
36014||149.46|20240101
36015||170.36|20240101
36100||146.9|20240101
36140||86.95|20240101
36160||122.04|20240101
36200||135.27|20240101
36215||212.13|20240101
36216||267.38|20240101
36217||326.96|20240101
36218||51.72|20240101
36221||194.68|20240101
36222||281.46|20240101
36223||324.73|20240101
36224||364.7|20240101
36225||321.76|20240101
36226||362.46|20240101
36227||119.17|20240101
36228||244.94|20240101
36245||232.14|20240101
36246||246.38|20240101
36247||292.69|20240101
36248||47.73|20240101
36251||251.09|20240101
36252||349.64|20240101
36253||351.45|20240101
36254||407.71|20240101
36400||19.12|20240101
36405||15.33|20240101
36406||9.1|20240101
36410||9.33|20240101
36465||117.16|20240101
36466||149.31|20240101
36470||37.58|20240101
36471||74.77|20240101
36473||178.36|20240101
36474||87.33|20240101
36475||273.28|20240101
36476||130.05|20240101
36478||274.27|20240101
36479||133.34|20240101
36481||324.54|20240101
36482||176.35|20240101
36483||86.11|20240101
36510||54.64|20240101
36514||96.03|20240101
36516||86.43|20240101
36522||99.56|20240101
36555||84.71|20240101
36556||84.84|20240101
36557||330.36|20240101
36558||264.9|20240101
36560||392.8|20240101
36561||338.88|20240101
36563||369.0|20240101
36565||340.74|20240101
36566||362.68|20240101
36570||342.35|20240101
36571||320.38|20240101
36572||80.2|20240101
36573||84.13|20240101
36575||33.82|20240101
36576||188.01|20240101
36578||208.88|20240101
36580||65.35|20240101
36581||187.33|20240101
36582||292.51|20240101
36583||338.34|20240101
36584||58.9|20240101
36585||288.31|20240101
36589||140.6|20240101
36590||195.38|20240101
36595||182.02|20240101
36596||46.45|20240101
36597||60.31|20240101
36598||35.82|20240101
36600||15.28|20240101
36836||354.1|20240101
36837||456.95|20240101
36860||109.03|20240101
36901||166.43|20240101
36902||237.36|20240101
36903||310.5|20240101
36904||363.3|20240101
36905||437.92|20240101
36906||504.19|20240101
36907||143.8|20240101
36908||202.88|20240101
36909||197.15|20240101
37183||372.47|20240101
37184||422.89|20240101
37185||158.6|20240101
37186||236.43|20240101
37187||387.97|20240101
37188||277.02|20240101
37191||218.41|20240101
37192||328.7|20240101
37193||341.65|20240101
37197||295.76|20240101
37220||387.05|20240101
37221||475.65|20240101
37222||178.41|20240101
37223||203.51|20240101
37224||429.52|20240101
37225||580.27|20240101
37226||500.55|20240101
37227||692.79|20240101
37228||522.21|20240101
37229||673.07|20240101
37230||671.9|20240101
37231||717.07|20240101
37232||192.93|20240101
37233||312.96|20240101
37234||272.96|20240101
37235||360.97|20240101
37236||426.93|20240101
37237||203.45|20240101
37238||299.66|20240101
37239||146.72|20240101
37241||421.13|20240101
37242||466.91|20240101
37243||556.98|20240101
37244||656.29|20240101
37246||339.98|20240101
37247||168.8|20240101
37248||293.3|20240101
37249||142.24|20240101
37252||86.53|20240101
37253||68.92|20240101
37609||213.14|20240101
37765||270.11|20240101
37766||330.22|20240101
37785||260.78|20240101
38220||70.18|20240101
38221||73.3|20240101
38222||77.65|20240101
38300||227.01|20240101
38500||267.33|20240101
38505||88.36|20240101
38510||437.0|20240101
38792||32.59|20240101
40490||72.32|20240101
40500||407.07|20240101
40510||378.04|20240101
40520||386.91|20240101
40530||437.84|20240101
40650||345.08|20240101
40652||393.74|20240101
40654||463.66|20240101
40800||131.7|20240101
40801||216.25|20240101
40804||125.55|20240101
40805||214.06|20240101
40806||32.43|20240101
40808||97.8|20240101
40810||135.08|20240101
40812||198.16|20240101
40814||308.98|20240101
40816||332.0|20240101
40818||292.52|20240101
40819||218.52|20240101
40820||186.89|20240101
40830||158.33|20240101
40831||218.18|20240101
40840||677.32|20240101
40842||724.92|20240101
40843||920.16|20240101
40844||1249.08|20240101
40845||1274.89|20240101
41000||113.57|20240101
41005||128.01|20240101
41006||249.49|20240101
41007||239.34|20240101
41008||279.63|20240101
41009||310.9|20240101
41010||122.03|20240101
41015||324.57|20240101
41016||376.43|20240101
41017||374.41|20240101
41018||433.83|20240101
41100||116.47|20240101
41105||119.74|20240101
41108||99.96|20240101
41110||142.25|20240101
41112||266.55|20240101
41113||288.01|20240101
41115||159.77|20240101
41116||237.54|20240101
41250||165.38|20240101
41251||196.96|20240101
41252||222.64|20240101
41520||276.84|20240101
41530||418.01|20240101
41800||172.24|20240101
41805||220.13|20240101
41806||305.44|20240101
41822||218.45|20240101
41823||404.44|20240101
41825||133.83|20240101
41826||213.15|20240101
41827||313.36|20240101
41828||236.13|20240101
41830||341.89|20240101
41872||336.41|20240101
41874||265.32|20240101
42000||119.9|20240101
42100||120.45|20240101
42104||147.31|20240101
42106||174.17|20240101
42107||349.69|20240101
42140||181.11|20240101
42160||152.99|20240101
42180||202.88|20240101
42182||276.45|20240101
42260||716.48|20240101
42280||116.9|20240101
42281||176.07|20240101
42300||170.68|20240101
42310||148.3|20240101
42320||194.57|20240101
42330||179.34|20240101
42335||287.49|20240101
42340||374.46|20240101
42400||56.57|20240101
42405||243.82|20240101
42408||379.17|20240101
42409||254.61|20240101
42450||396.71|20240101
42500||377.28|20240101
42505||496.97|20240101
42550||62.34|20240101
42600||386.56|20240101
42650||63.94|20240101
42660||91.57|20240101
42665||239.29|20240101
42700||148.64|20240101
42720||407.1|20240101
42800||128.16|20240101
42804||136.67|20240101
42806||156.04|20240101
42808||179.35|20240101
42809||135.92|20240101
42810||311.32|20240101
43197||83.87|20240101
43198||100.59|20240101
43200||91.73|20240101
43201||107.9|20240101
43202||107.28|20240101
43206||137.57|20240101
43213||265.01|20240101
43215||145.4|20240101
43216||138.53|20240101
43217||165.54|20240101
43220||122.43|20240101
43226||134.21|20240101
43227||170.3|20240101
43229||202.52|20240101
43235||127.23|20240101
43236||143.45|20240101
43239||143.45|20240101
43245||180.32|20240101
43247||182.0|20240101
43248||171.54|20240101
43249||158.6|20240101
43250||174.78|20240101
43251||201.78|20240101
43252||173.64|20240101
43255||206.18|20240101
43270||230.71|20240101
43290||183.47|20240101
43291||165.28|20240101
43450||83.65|20240101
43453||90.72|20240101
43754||40.68|20240101
43755||63.1|20240101
43756||54.11|20240101
43757||80.78|20240101
43761||104.86|20240101
43762||37.35|20240101
43763||90.57|20240101
44380||60.71|20240101
44381||88.68|20240101
44382||77.71|20240101
44385||76.06|20240101
44386||93.0|20240101
44388||160.32|20240101
44388|53|80.47|20240101
44389||176.59|20240101
44390||216.52|20240101
44391||236.93|20240101
44392||203.59|20240101
44394||231.02|20240101
44401||249.13|20240101
44404||176.59|20240101
44405||189.0|20240101
45005||177.01|20240101
45300||50.17|20240101
45303||89.16|20240101
45305||76.21|20240101
45307||103.12|20240101
45308||87.22|20240101
45309||92.26|20240101
45315||108.38|20240101
45317||115.0|20240101
45320||107.47|20240101
45330||59.91|20240101
45331||75.91|20240101
45332||109.65|20240101
45333||97.8|20240101
45334||122.14|20240101
45335||70.32|20240101
45338||124.69|20240101
45340||81.9|20240101
45346||165.56|20240101
45350||105.13|20240101
45378||189.92|20240101
45378|53|95.16|20240101
45379||244.97|20240101
45380||206.47|20240101
45381||206.08|20240101
45382||265.65|20240101
45384||233.02|20240101
45385||260.85|20240101
45386||217.67|20240101
45388||276.91|20240101
45398||240.42|20240101
45520||43.81|20240101
45915||243.6|20240101
46030||89.93|20240101
46040||458.31|20240101
46050||109.89|20240101
46080||165.08|20240101
46083||118.52|20240101
46200||373.2|20240101
46220||130.91|20240101
46221||209.24|20240101
46230||184.07|20240101
46250||341.81|20240101
46255||379.08|20240101
46270||434.36|20240101
46275||457.23|20240101
46285||458.46|20240101
46320||121.15|20240101
46500||203.64|20240101
46505||270.44|20240101
46600||44.26|20240101
46601||97.88|20240101
46604||69.31|20240101
46606||78.92|20240101
46607||129.21|20240101
46608||87.22|20240101
46610||83.5|20240101
46611||84.45|20240101
46612||97.91|20240101
46614||67.84|20240101
46615||95.02|20240101
46754||265.0|20240101
46900||148.45|20240101
46910||145.12|20240101
46916||154.2|20240101
46917||138.02|20240101
46922||147.59|20240101
46924||192.39|20240101
46930||167.25|20240101
46940||153.15|20240101
46942||138.01|20240101
47000||89.85|20240101
47382||740.39|20240101
47383||453.01|20240101
47531||71.92|20240101
47532||211.14|20240101
47533||262.84|20240101
47534||367.41|20240101
47535||195.81|20240101
47536||132.29|20240101
47537||97.57|20240101
47538||234.13|20240101
47539||423.78|20240101
47540||436.52|20240101
47541||335.32|20240101
47542||134.51|20240101
47543||142.2|20240101
47544||155.01|20240101
48102||239.01|20240101
49082||75.92|20240101
49083||108.73|20240101
49180||83.2|20240101
49185||120.29|20240101
49400||90.39|20240101
49405||195.17|20240101
49406||195.17|20240101
49407||205.9|20240101
49411||189.31|20240101
49418||201.91|20240101
49423||70.63|20240101
49424||37.51|20240101
49436||194.41|20240101
49440||205.52|20240101
49441||243.35|20240101
49442||212.82|20240101
49446||145.88|20240101
49450||65.43|20240101
49451||88.41|20240101
49452||136.03|20240101
49460||51.33|20240101
49465||30.72|20240101
50200||129.63|20240101
50382||250.82|20240101
50384||226.37|20240101
50385||217.92|20240101
50386||165.99|20240101
50387||82.93|20240101
50389||53.54|20240101
50391||99.66|20240101
50430||156.38|20240101
50431||68.78|20240101
50432||206.51|20240101
50433||255.6|20240101
50434||192.11|20240101
50435||101.97|20240101
50551||299.53|20240101
50553||320.22|20240101
50555||347.43|20240101
50557||351.9|20240101
50561||401.45|20240101
50590||601.91|20240101
50592||348.87|20240101
50593||464.12|20240101
50606||136.57|20240101
50684||54.16|20240101
50686||92.56|20240101
50690||73.18|20240101
50693||205.53|20240101
50694||267.9|20240101
50695||343.0|20240101
50705||173.98|20240101
50706||179.74|20240101
50951||312.93|20240101
50953||332.72|20240101
50955||358.74|20240101
50957||360.5|20240101
50961||323.28|20240101
51100||39.82|20240101
51101||51.81|20240101
51102||146.43|20240101
51600||44.18|20240101
51610||67.47|20240101
51700||30.49|20240101
51701||26.07|20240101
51702||25.84|20240101
51703||78.07|20240101
51705||53.91|20240101
51710||83.92|20240101
51715||204.47|20240101
51720||44.29|20240101
52000||82.3|20240101
52001||293.02|20240101
52005||137.85|20240101
52007||170.89|20240101
52010||170.05|20240101
52204||145.64|20240101
52214||177.0|20240101
52224||204.77|20240101
52265||166.82|20240101
52270||186.23|20240101
52275||253.6|20240101
52281||156.64|20240101
52283||206.47|20240101
52284||168.31|20240101
52285||201.09|20240101
52287||172.4|20240101
52310||155.39|20240101
52315||279.85|20240101
52317||352.02|20240101
52330||268.29|20240101
52332||160.03|20240101
52441||213.79|20240101
52442||51.25|20240101
52647||681.41|20240101
52648||725.02|20240101
53060||174.72|20240101
53200||146.71|20240101
53260||191.23|20240101
53265||198.47|20240101
53270||195.09|20240101
53600||65.0|20240101
53601||54.91|20240101
53620||89.51|20240101
53621||73.75|20240101
53660||43.46|20240101
53661||41.85|20240101
53850||381.25|20240101
53852||407.27|20240101
53854||407.27|20240101
53855||83.15|20240101
53860||232.7|20240101
54000||119.92|20240101
54001||149.77|20240101
54050||117.39|20240101
54055||104.68|20240101
54056||123.42|20240101
54057||106.66|20240101
54060||141.4|20240101
54065||185.55|20240101
54100||129.0|20240101
54105||225.11|20240101
54115||453.77|20240101
54150||98.01|20240101
54160||152.75|20240101
54162||212.24|20240101
54200||95.38|20240101
54220||138.52|20240101
54230||83.74|20240101
54231||120.77|20240101
54235||78.01|20240101
54450||58.19|20240101
55000||88.83|20240101
55100||180.08|20240101
55200||295.12|20240101
55250||247.57|20240101
55700||133.35|20240101
55870||146.87|20240101
55873||798.05|20240101
55874||170.04|20240101
55876||107.5|20240101
56405||138.98|20240101
56420||119.85|20240101
56441||168.81|20240101
56501||146.52|20240101
56515||227.81|20240101
56605||60.76|20240101
56606||29.79|20240101
56820||87.1|20240101
56821||116.95|20240101
57020||81.07|20240101
57061||126.74|20240101
57065||199.78|20240101
57100||67.36|20240101
57105||160.53|20240101
57130||185.86|20240101
57135||201.76|20240101
57150||26.3|20240101
57155||298.48|20240101
57156||159.7|20240101
57160||46.82|20240101
57170||48.12|20240101
57180||130.69|20240101
57420||92.92|20240101
57421||125.48|20240101
57452||95.31|20240101
57454||138.74|20240101
57455||111.71|20240101
57456||104.14|20240101
57460||165.04|20240101
57461||187.38|20240101
57465||43.31|20240101
57500||79.09|20240101
57505||120.97|20240101
57510||118.58|20240101
57511||159.61|20240101
57513||158.83|20240101
57520||319.86|20240101
57522||274.27|20240101
57558||139.52|20240101
57800||50.71|20240101
58100||64.57|20240101
58110||40.94|20240101
58120||248.25|20240101
58301||67.62|20240101
58321||49.08|20240101
58322||58.64|20240101
58323||12.27|20240101
58340||60.95|20240101
58350||104.35|20240101
58353||244.68|20240101
58356||365.54|20240101
58555||156.66|20240101
58558||238.08|20240101
58562||228.08|20240101
58563||252.73|20240101
58565||485.69|20240101
58580||419.5|20240101
58800||338.29|20240101
58970||202.24|20240101
58976||217.91|20240101
59000||81.93|20240101
59015||132.26|20240101
59070||309.55|20240101
59074||309.55|20240101
59160||195.87|20240101
59200||44.27|20240101
59300||149.77|20240101
59425||434.73|20240101
59426||797.94|20240101
59430||179.85|20240101
59812||321.18|20240101
59820||411.82|20240101
59821||398.53|20240101
59840||233.96|20240101
59841||385.68|20240101
60000||174.36|20240101
60100||77.79|20240101
60300||49.43|20240101
62263||346.88|20240101
62264||255.75|20240101
62267||158.01|20240101
62270||63.76|20240101
62272||92.06|20240101
62273||117.42|20240101
62280||169.34|20240101
62281||164.37|20240101
62282||150.54|20240101
62284||85.71|20240101
62290||161.63|20240101
62291||146.54|20240101
62302||122.2|20240101
62303||122.37|20240101
62304||120.84|20240101
62305||125.42|20240101
62320||103.42|20240101
62321||112.27|20240101
62322||81.75|20240101
62323||103.8|20240101
62324||91.17|20240101
62325||113.99|20240101
62326||87.41|20240101
62327||112.35|20240101
62328||87.11|20240101
62329||105.75|20240101
62367||25.55|20240101
62368||35.22|20240101
62369||36.01|20240101
62370||47.04|20240101
63650||436.46|20240101
63661||346.89|20240101
63663||472.76|20240101
64400||53.4|20240101
64405||53.46|20240101
64408||46.84|20240101
64415||70.93|20240101
64417||65.62|20240101
64418||57.05|20240101
64420||60.61|20240101
64421||25.62|20240101
64425||56.71|20240101
64430||56.77|20240101
64435||45.34|20240101
64445||74.44|20240101
64447||64.63|20240101
64450||43.65|20240101
64451||85.13|20240101
64454||85.91|20240101
64455||33.98|20240101
64461||78.96|20240101
64462||48.95|20240101
64463||82.13|20240101
64479||137.22|20240101
64480||62.98|20240101
64483||117.37|20240101
64484||53.19|20240101
64486||55.59|20240101
64487||63.76|20240101
64488||69.26|20240101
64489||77.71|20240101
64490||110.73|20240101
64491||61.06|20240101
64492||62.23|20240101
64493||95.52|20240101
64494||52.41|20240101
64495||53.58|20240101
64505||111.06|20240101
64510||81.87|20240101
64517||132.92|20240101
64520||90.44|20240101
64530||99.91|20240101
64553||464.59|20240101
64555||339.55|20240101
64561||314.93|20240101
64566||30.88|20240101
64585||153.84|20240101
64590||307.79|20240101
64595||241.27|20240101
64600||248.8|20240101
64605||438.39|20240101
64610||494.18|20240101
64611||122.37|20240101
64612||128.78|20240101
64615||125.05|20240101
64616||113.21|20240101
64617||112.76|20240101
64620||188.0|20240101
64624||154.22|20240101
64625||206.17|20240101
64630||200.98|20240101
64632||70.81|20240101
64633||202.61|20240101
64634||69.09|20240101
64635||203.0|20240101
64636||60.44|20240101
64640||125.86|20240101
64642||111.08|20240101
64643||71.68|20240101
64644||120.4|20240101
64645||82.64|20240101
64646||119.4|20240101
64647||136.93|20240101
64650||42.23|20240101
64653||53.08|20240101
64680||169.69|20240101
64681||230.32|20240101
64721||481.32|20240101
65125||323.26|20240101
65205||30.69|20240101
65210||37.91|20240101
65220||43.07|20240101
65222||53.25|20240101
65270||150.85|20240101
65272||381.19|20240101
65275||495.06|20240101
65286||533.53|20240101
65400||654.33|20240101
65410||109.56|20240101
65420||416.43|20240101
65426||518.87|20240101
65430||108.16|20240101
65435||75.2|20240101
65436||399.8|20240101
65450||356.11|20240101
65600||371.04|20240101
65772||439.96|20240101
65778||45.98|20240101
65779||125.43|20240101
65785||482.71|20240101
65800||93.23|20240101
65815||516.94|20240101
65855||219.21|20240101
65860||265.88|20240101
66020||142.56|20240101
66030||121.68|20240101
66130||606.22|20240101
66250||602.47|20240101
66700||423.29|20240101
66710||422.9|20240101
66720||449.8|20240101
66740||423.29|20240101
66761||255.96|20240101
66762||460.25|20240101
66770||521.6|20240101
66821||342.06|20240101
67025||681.91|20240101
67028||96.97|20240101
67031||383.05|20240101
67101||309.27|20240101
67105||298.26|20240101
67110||880.75|20240101
67120||600.68|20240101
67141||236.28|20240101
67145||236.28|20240101
67208||621.91|20240101
67210||539.11|20240101
67220||539.28|20240101
67221||218.59|20240101
67225||28.67|20240101
67227||273.3|20240101
67228||323.46|20240101
67345||229.54|20240101
67500||67.15|20240101
67505||75.92|20240101
67515||49.62|20240101
67516||102.61|20240101
67700||126.88|20240101
67710||107.74|20240101
67715||116.54|20240101
67800||110.02|20240101
67801||140.49|20240101
67805||175.35|20240101
67810||70.9|20240101
67820||23.88|20240101
67825||133.38|20240101
67830||148.88|20240101
67840||169.37|20240101
67850||141.57|20240101
67875||102.33|20240101
67880||399.33|20240101
67882||509.47|20240101
67900||543.05|20240101
67901||636.8|20240101
67903||516.53|20240101
67904||640.73|20240101
67908||469.64|20240101
67909||473.33|20240101
67912||522.29|20240101
67914||360.04|20240101
67915||221.05|20240101
67916||464.95|20240101
67917||492.55|20240101
67921||343.04|20240101
67922||221.05|20240101
67923||465.51|20240101
67924||492.71|20240101
67930||249.84|20240101
67935||467.03|20240101
67938||128.88|20240101
67950||498.79|20240101
67961||490.72|20240101
67966||701.45|20240101
68020||119.52|20240101
68040||50.24|20240101
68100||102.11|20240101
68110||161.44|20240101
68115||197.55|20240101
68130||448.9|20240101
68135||162.1|20240101
68200||36.39|20240101
68320||586.49|20240101
68330||499.04|20240101
68340||430.58|20240101
68360||445.04|20240101
68400||141.9|20240101
68420||178.53|20240101
68440||111.04|20240101
68510||302.7|20240101
68530||271.03|20240101
68705||179.44|20240101
68760||158.9|20240101
68761||128.11|20240101
68801||88.14|20240101
68810||139.31|20240101
68815||241.75|20240101
68816||169.32|20240101
68840||128.72|20240101
68841||34.43|20240101
68850||54.68|20240101
69000||137.31|20240101
69005||174.99|20240101
69020||159.22|20240101
69100||48.44|20240101
69105||68.85|20240101
69110||361.3|20240101
69145||285.3|20240101
69200||49.87|20240101
69210||33.57|20240101
69220||54.1|20240101
69222||151.18|20240101
69300||508.39|20240101
69420||132.92|20240101
69424||65.27|20240101
69433||145.56|20240101
69540||145.07|20240101
69610||305.83|20240101
69620||540.58|20240101
69705||180.88|20240101
69706||251.97|20240101
69801||130.63|20240101
70370||118.72|20240101
70370|TC|103.05|20240101
70496||294.26|20240101
70496|TC|208.67|20240101
70498||294.26|20240101
70498|TC|208.67|20240101
71275||297.66|20240101
71275|TC|208.67|20240101
71550||349.82|20240101
71550|TC|278.26|20240101
71552||547.54|20240101
71552|TC|436.83|20240101
72191||295.92|20240101
72191|TC|208.45|20240101
72193||265.8|20240101
72193|TC|208.84|20240101
72194||268.24|20240101
72194|TC|208.84|20240101
73200||173.88|20240101
73200|TC|124.94|20240101
73202||268.24|20240101
73202|TC|208.84|20240101
73206||295.92|20240101
73206|TC|208.45|20240101
73218||345.06|20240101
73218|TC|278.26|20240101
73706||300.78|20240101
73706|TC|208.67|20240101
74160||271.34|20240101
74160|TC|208.84|20240101
74170||277.34|20240101
74170|TC|208.84|20240101
74175||297.04|20240101
74175|TC|208.45|20240101
74251||266.31|20240101
74251|TC|209.0|20240101
74261||242.38|20240101
74261|TC|124.94|20240101
74262||331.25|20240101
74262|TC|208.61|20240101
74712||425.84|20240101
74712|TC|278.26|20240101
75573||332.63|20240101
75573|TC|208.51|20240101
75574||325.1|20240101
75574|TC|208.28|20240101
75635||324.38|20240101
75635|TC|208.67|20240101
76380||149.57|20240101
76380|TC|103.05|20240101
76800||188.12|20240101
76800|TC|124.94|20240101
76872||158.71|20240101
76872|TC|124.94|20240101
76885||139.59|20240101
76885|TC|103.28|20240101
77078||115.32|20240101
77078|TC|103.05|20240101
77084||356.95|20240101
77084|TC|278.26|20240101
80503||22.94|20240101
80504||49.38|20240101
80505||92.66|20240101
85097||49.62|20240101
86077||50.8|20240101
86078||50.8|20240101
86079||50.8|20240101
88321||85.96|20240101
88325||137.09|20240101
88329||36.27|20240101
88363||19.72|20240101
89049||61.38|20240101
90785||13.44|20240101
90791||152.44|20240101
90792||175.1|20240101
90832||70.46|20240101
90833||66.1|20240101
90834||93.27|20240101
90836||83.78|20240101
90837||137.63|20240101
90838||111.04|20240101
90839||133.33|20240101
90840||66.71|20240101
90845||89.55|20240101
90846||100.51|20240101
90847||105.05|20240101
90849||30.99|20240101
90853||24.73|20240101
90865||126.03|20240101
90870||107.89|20240101
90880||88.59|20240101
90901||19.91|20240101
90912||43.96|20240101
90913||24.77|20240101
92002||47.68|20240101
92004||98.41|20240101
92012||52.79|20240101
92014||79.46|20240101
92020||21.45|20240101
92065||35.01|20240101
92071||33.78|20240101
92072||97.38|20240101
92100||33.78|20240101
92201||23.87|20240101
92202||15.35|20240101
92230||36.4|20240101
92260||11.35|20240101
92311||53.5|20240101
92312||63.77|20240101
92313||44.52|20240101
92315||21.44|20240101
92316||32.42|20240101
92317||21.44|20240101
92504||9.5|20240101
92511||40.48|20240101
92512||28.27|20240101
92516||23.56|20240101
92517||44.39|20240101
92518||44.85|20240101
92519||66.87|20240101
92520||41.91|20240101
92557||33.43|20240101
92567||11.35|20240101
92568||15.59|20240101
92570||30.56|20240101
92579||38.8|20240101
92601||129.09|20240101
92602||72.79|20240101
92603||125.43|20240101
92604||69.52|20240101
92610||74.97|20240101
92612||69.71|20240101
92614||68.37|20240101
92616||104.33|20240101
92620||83.2|20240101
92621||19.6|20240101
92622||69.91|20240101
92623||18.52|20240101
92625||63.99|20240101
92626||78.38|20240101
92627||18.52|20240101
92640||98.49|20240101
92950||185.0|20240101
92960||111.9|20240101
93150||44.04|20240101
93151||41.55|20240101
93152||97.48|20240101
93153||22.22|20240101
93264||36.25|20240101
93319||23.83|20240101
93356||11.77|20240101
93750||40.42|20240101
93797||9.1|20240101
93798||13.91|20240101
93888||150.34|20240101
93888|TC|124.78|20240101
93892||186.09|20240101
93892|TC|124.78|20240101
93893||186.71|20240101
93893|TC|124.94|20240101
93926||147.89|20240101
93926|TC|124.61|20240101
93976||163.76|20240101
93976|TC|124.78|20240101
93986||147.95|20240101
93986|TC|124.61|20240101
93990||147.78|20240101
93990|TC|124.61|20240101
94625||19.05|20240101
94626||28.06|20240101
94660||38.23|20240101
94780||24.09|20240101
94781||8.37|20240101
95017||3.79|20240101
95018||7.35|20240101
95024||0.96|20240101
95076||76.77|20240101
95079||70.73|20240101
95144||3.45|20240101
95145||3.06|20240101
95146||3.06|20240101
95147||3.06|20240101
95148||3.06|20240101
95149||3.06|20240101
95165||3.45|20240101
95170||3.06|20240101
95180||107.14|20240101
95717||109.78|20240101
95718||139.3|20240101
95719||166.43|20240101
95720||214.39|20240101
95721||214.16|20240101
95722||259.49|20240101
95723||259.73|20240101
95724||326.7|20240101
95725||299.91|20240101
95726||418.79|20240101
95830||95.18|20240101
95851||8.03|20240101
95852||5.54|20240101
95857||29.54|20240101
95970||18.88|20240101
95971||39.92|20240101
95972||41.22|20240101
95976||40.17|20240101
95977||53.34|20240101
95981||18.24|20240101
95982||37.01|20240101
95983||51.07|20240101
95984||44.74|20240101
95991||40.82|20240101
95992||37.21|20240101
96112||129.05|20240101
96113||59.14|20240101
96116||82.08|20240101
96121||67.85|20240101
96130||112.34|20240101
96131||77.39|20240101
96132||108.54|20240101
96133||77.78|20240101
96136||23.91|20240101
96137||18.27|20240101
96156||90.72|20240101
96158||60.58|20240101
96159||20.31|20240101
96164||9.69|20240101
96165||4.19|20240101
96167||64.0|20240101
96168||22.75|20240101
96202||22.33|20240101
96405||30.15|20240101
96406||46.64|20240101
96440||143.92|20240101
96446||20.52|20240101
96450||78.43|20240101
96542||44.15|20240101
96920||66.95|20240101
96921||75.82|20240101
96922||122.16|20240101
97129||23.15|20240101
97130||22.08|20240101
97551||25.69|20240101
97597||36.23|20240101
97598||25.06|20240101
97605||25.25|20240101
97606||27.73|20240101
97607||21.6|20240101
97608||25.16|20240101
97610||18.57|20240101
97802||34.34|20240101
97803||29.26|20240101
97804||16.58|20240101
97810||31.93|20240101
97811||26.73|20240101
97813||34.81|20240101
97814||29.44|20240101
98925||23.8|20240101
98926||36.08|20240101
98927||47.96|20240101
98928||60.46|20240101
98929||72.34|20240101
98940||22.96|20240101
98941||35.4|20240101
98942||47.45|20240101
98966||11.88|20240101
98967||22.99|20240101
98968||31.91|20240101
98972||31.81|20240101
98980||31.83|20240101
98981||31.49|20240101
99151||24.77|20240101
99152||12.34|20240101
99170||87.44|20240101
99202||49.18|20240101
99203||84.79|20240101
99204||138.31|20240101
99205||188.26|20240101
99211||9.1|20240101
99212||36.58|20240101
99213||68.51|20240101
99214||101.12|20240101
99215||150.16|20240101
99291||217.37|20240101
99292||109.33|20240101
99406||12.16|20240101
99407||25.78|20240101
99421||13.28|20240101
99422||26.17|20240101
99423||41.94|20240101
99424||77.37|20240101
99425||53.29|20240101
99426||51.17|20240101
99427||35.91|20240101
99437||52.51|20240101
99439||36.35|20240101
99441||36.35|20240101
99442||68.28|20240101
99443||101.12|20240101
99457||31.1|20240101
99458||31.1|20240101
99461||63.01|20240101
99474||9.1|20240101
99483||201.01|20240101
99484||45.6|20240101
99487||93.79|20240101
99489||52.12|20240101
99490||52.12|20240101
99491||78.46|20240101
99492||97.74|20240101
99493||106.73|20240101
99494||42.79|20240101
99495||145.83|20240101
99496||198.07|20240101
99497||78.46|20240101
99498||73.88|20240101
