SVC_CD|MODIFIER_1|FEE|AGE_UNIT|FROM_AGE|THROUGH_AGE|PLACE_OF_SERVICE_CODE
1494F||29.0||||
59409||544.28||||
59612||544.28||||
59620||544.72||||
59840||250.85||||
90785||3.88||||
90791||128.08||||
90792||103.25||||
90832||52.87||||
90833||34.49||||
90834||67.16||||
90836||56.02||||
90837||98.02||||
90838||90.57||||
90839||38.01||||
90840||18.98||||
90846||86.64||||
90847||89.65||||
90849||31.85||||
90853||3.47||||
90870||75.77||||
90880||52.11||||
90935||56.6||||
90937||153.36||||
90940||103.51||||
90945||72.16||||
90947||108.24||||
90951||821.0||||
90954||664.1||||
90955||377.8||||
90956||256.0||||
90957||535.3||||
90958||361.9||||
90959||237.4||||
90960||240.0||||
90961||193.2||||
90962||139.3||||
90963||459.7||||
90964||381.5||||
90965||363.0||||
90966||190.9||||
90967||16.7||||
90968||12.8||||
90969||12.5||||
90970||6.7||||
90989||667.4||||
90993||27.86||||
90997||87.67||||
91010||69.11||||
91013||20.74||||
91020||92.09||||
91022||95.0||||
91030||40.46||||
91034||77.61||||
91035||102.43||||
91037||134.22||||
91038||113.84||||
91040||416.6||||
91065||27.03||||
91110||804.29||||
91112||1081.07||||
91113||889.25||||
91122||60.37||||
91132||94.04||||
91133||112.85||||
91200||32.05||||
92002||37.15||||
92004||49.78||||
92012||37.15||||
92014||38.43||||
92015||8.01||||
92018||47.88||||
92019||43.1||||
92020||19.21||||
92025||26.82||||
92060||33.78||||
92071||32.04||||
92072||101.93||||
92081||32.95||||
92082||34.07||||
92083||30.51||||
92100||28.93||||
92132||26.44||||
92133||32.25||||
92134||32.25||||
92136||67.14||||
92201||22.11||||
92202||14.02||||
92227||10.72||||
92228||26.66||||
92230||46.44||||
92235||81.73||||
92240||73.99||||
92242||207.76||||
92250||42.13||||
92260||32.8||||
92265||42.24||||
92270||33.29||||
92273||122.88||||
92274||82.66||||
92283||16.79||||
92284||20.39||||
92310||36.4||||
92311||36.67||||
92312||43.83||||
92313||32.95||||
92314||36.04||||
92315||36.04||||
92316||47.68||||
92317||26.55||||
92325||12.21||||
92340||10.77||||
92341||15.9||||
92342||21.88||||
92352||10.77||||
92353||15.9||||
92370||6.3||||
92371||6.3||||
92502||61.76||||
92504||16.65||||
92507||29.72||||
92508||20.64||||
92511||41.79||||
92512||24.58||||
92516||19.65||||
92520||30.13||||
92521||74.98||||
92522||64.11||||
92523||130.58||||
92524||62.08||||
92526||33.82||||
92533||27.86||||
92537||35.33||||
92538||17.93||||
92540||82.13||||
92541||14.57||||
92542||13.93||||
92544||13.93||||
92545||13.93||||
92546||13.93||||
92547||13.93||||
92550||17.67||||
92551||10.2||||
92552||15.3||||
92553||20.4||||
92555||11.2||||
92556||27.0||||
92557||40.86||||
92562||7.7||||
92563||7.16||||
92565||9.29||||
92568||9.28||||
92570||26.84||||
92571||9.53||||
92572||2.08||||
92575||7.44||||
92576||12.07||||
92577||13.61||||
92579||25.43||||
92582||38.06||||
92587||41.0||||
92588||51.26||||
92590||34.36||||
92591||34.36||||
92594||20.32||||
92595||37.3||||
92597||81.89||||
92601||114.93||||
92602||80.56||||
92603||77.32||||
92604||52.68||||
92605||34.76||||
92606||34.76||||
92607||95.97||||
92608||18.8||||
92609||51.95||||
92610||48.78||||
92611||39.95||||
92612||114.92||||
92613||33.73||||
92614||85.7||||
92615||28.26||||
92616||118.42||||
92617||37.47||||
92618||27.54||||
92620||40.75||||
92621||10.11||||
92625||40.07||||
92626||20.05||||
92627||20.05||||
92650||25.68||||
92651||80.62||||
92652||104.64||||
92653||76.92||||
92920||435.12||||
92924||517.26||||
92928||483.05||||
92933||540.15||||
92937||482.46||||
92941||541.18||||
92943||541.18||||
92950||115.0||||
92953||20.4||||
92960||122.46||||
92961||172.78||||
92970||188.49||||
92971||79.24||||
92973||146.71||||
92974||159.17||||
92975||336.79||||
92977||249.43||||
92978||225.19||||
92979||137.79||||
92986||965.88||||
92987||1043.85||||
92990||819.02||||
92997||544.81||||
92998||283.71||||
93000||28.7||||
93005||16.4||||
93010||12.3||||
93015||95.91||||
93016||24.57||||
93017||52.5||||
93018||18.84||||
93024||104.53||||
93025||233.28||||
93040||13.07||||
93041||5.13||||
93042||8.53||||
93050||15.38||||
93224||110.84||||
93225||29.82||||
93226||55.94||||
93227||25.08||||
93228||21.55||||
93229||674.96||||
93241||220.29||||
93242||14.03||||
93243||191.97||||
93244||21.06||||
93245||231.65||||
93246||14.03||||
93247||201.42||||
93248||23.17||||
93260||59.05||||
93261||54.13||||
93264||44.72||||
93268||141.44||||
93270||29.82||||
93271||79.8||||
93272||21.75||||
93278||26.91||||
93279||48.79||||
93280||57.91||||
93281||67.69||||
93282||62.35||||
93283||75.9||||
93284||88.93||||
93285||42.23||||
93286||23.84||||
93287||31.19||||
93288||38.02||||
93289||58.2||||
93290||27.4||||
93291||36.33||||
93292||36.62||||
93293||52.81||||
93294||31.34||||
93295||56.76||||
93296||33.96||||
93297||21.55||||
93298||25.27||||
93303||152.65||||
93304||83.48||||
93306||239.76||||
93307||150.1||||
93308||75.05||||
93312||155.74||||
93315||193.23||||
93318||256.0||||
93319||55.05||||
93320||76.57||||
93321||38.94||||
93325||77.88||||
93350||96.12||||
93351||247.29||||
93352||34.77||||
93355||193.26||||
93356||36.69||||
93451||698.63||||
93452||762.86||||
93453||998.44||||
93454||787.65||||
93455||919.49||||
93456||985.01||||
93457||1116.74||||
93458||950.01||||
93459||1048.57||||
93460||1120.29||||
93461||1285.59||||
93462||165.14||||
93463||87.95||||
93464||224.81||||
93503||126.98||||
93505||237.76||||
93563||46.9||||
93564||47.63||||
93565||36.03||||
93566||154.69||||
93567||93.2||||
93568||93.2||||
93571||242.81||||
93572||224.77||||
93580||603.92||||
93581||760.72||||
93582||565.26||||
93583||503.21||||
93590||1006.03||||
93591||835.12||||
93592||367.38||||
93600||163.45||||
93602||105.88||||
93603||159.31||||
93609||293.96||||
93610||105.88||||
93612||105.88||||
93613||312.54||||
93615||82.0||||
93616||93.48||||
93618||176.92||||
93619||596.46||||
93620||699.34||||
93621||699.34||||
93622||699.34||||
93624||285.62||||
93631||561.65||||
93640||483.41||||
93641||543.06||||
93642||524.85||||
93644||260.64||||
93650||715.71||||
93653||659.46||||
93654||880.22||||
93655||329.8||||
93656||880.47||||
93657||329.97||||
93662||270.56||||
93702||105.13||||
93724||274.98||||
93745||74.23||||
93750||44.29||||
93784||48.4||||
93786||27.39||||
93788||4.81||||
93790||16.15||||
93793||10.53||||
93797||14.46||||
93798||22.25||||
93880||156.64||||
93882||76.24||||
93886||195.88||||
93888||130.16||||
93892||224.88||||
93893||220.41||||
93922||52.1||||
93923||97.36||||
93924||106.42||||
93925||96.87||||
93926||84.89||||
93930||93.01||||
93931||82.86||||
93970||168.24||||
93971||84.56||||
93975||187.84||||
93976||154.72||||
93978||164.15||||
93979||79.33||||
93980||165.62||||
93981||124.3||||
93985||247.34||||
93986||142.98||||
93990||71.75||||
94002||44.8||||
94003||35.3||||
94010||24.6||||
94014||37.91||||
94015||14.43||||
94016||23.48||||
94060||45.03||||
94150||5.57||||
94200||16.4||||
94375||23.22||||
94450||24.2||||
94617||86.45||||
94618||30.12||||
94619||66.53||||
94621||99.61||||
94625||59.31||||
94626||67.14||||
94640||11.7||||
94642||85.9||||
94644||17.0||||
94645||12.4||||
94660||40.8||||
94662||28.0||||
94664||8.6||||
94667||19.9||||
94668||11.7||||
94669||25.96||||
94680||41.0||||
94681||82.0||||
94690||14.86||||
94726||48.09||||
94727||37.62||||
94728||37.62||||
94729||48.2||||
94760||5.59||||
94772||43.8||||
95004||1.9||||
95012||18.75||||
95017||7.75||||
95018||19.39||||
95024||2.8||||
95027||2.8||||
95028||4.2||||
95044||3.7||||
95052||4.6||||
95056||3.2||||
95060||6.5||||
95065||4.1||||
95070||41.2||||
95076||102.04||||
95079||70.57||||
95115||4.9||||
95117||9.45||||
95144||9.2||||
95170||8.59||||
95180||61.0||||
95199||5.1||||
95250||138.19||||
95251||29.0||||
95700||243.52||||
95705||221.87||||
95706||329.93||||
95707||639.95||||
95708||265.07||||
95709||588.82||||
95710||1023.18||||
95711||221.87||||
95712||373.12||||
95713||729.59||||
95714||265.07||||
95715||653.24||||
95716||1169.77||||
95717||89.87||||
95718||118.42||||
95719||139.05||||
95720||183.3||||
95721||184.97||||
95722||224.28||||
95723||229.16||||
95724||286.49||||
95725||261.7||||
95726||362.05||||
95782||946.52||||
95783||1009.82||||
95800||137.76||||
95801||84.02||||
95805||195.72||||
95806||82.72||||
95807||211.29||||
95808||233.85||||
95810||348.07||||
95811||357.72||||
95812||81.82||||
95813||111.34||||
95816||75.58||||
95819||65.01||||
95822||65.01||||
95824||40.82||||
95829||222.48||||
95830||79.34||||
95836||92.76||||
95851||14.86||||
95852||8.18||||
95857||29.72||||
95860||65.6||||
95861||98.4||||
95863||111.45||||
95864||164.0||||
95865||99.84||||
95866||66.47||||
95867||48.23||||
95868||81.41||||
95869||26.24||||
95870||20.25||||
95872||73.25||||
95873||24.49||||
95874||24.83||||
95875||51.18||||
95885||49.84||||
95886||76.84||||
95887||68.83||||
95905||70.8||||
95907||82.81||||
95908||102.19||||
95909||122.34||||
95910||160.95||||
95911||194.55||||
95912||227.53||||
95913||263.45||||
95924||128.82||||
95925||84.75||||
95926||123.15||||
95927||123.15||||
95928||153.15||||
95929||159.69||||
95930||34.44||||
95937||22.29||||
95938||267.67||||
95939||415.54||||
95940||27.05||||
95955||111.16||||
95957||116.35||||
95958||247.26||||
95970||19.79||||
95971||33.72||||
95972||64.73||||
95976||35.02||||
95977||46.54||||
95983||43.92||||
95984||38.29||||
95990||49.52||||
95991||72.81||||
96020||141.3||||
96105||51.2||||
96110||54.9||||
96112||116.57||||
96113||51.87||||
96116||56.2||||
96121||70.17||||
96125||91.47||||
96127||4.81||||
96130||99.6||||
96131||75.81||||
96132||113.37||||
96133||86.43||||
96136||41.88||||
96137||39.01||||
96138||35.69||||
96139||35.69||||
96146||1.84||||
96156||84.3||||
96158||57.63||||
96159||20.11||||
96164||8.52||||
96165||4.01||||
96167||61.83||||
96168||21.95||||
96170||70.29||||
96171||25.55||||
96360||51.3||||
96361||14.6||||
96365||62.6||||
96366||19.27||||
96367||31.05||||
96368||17.96||||
96369||138.41||||
96370||13.53||||
96371||67.73||||
96372||18.75||||
96373||15.9||||
96374||49.82||||
96375||21.29||||
96401||10.66||||
96402||10.66||||
96405||39.31||||
96406||51.74||||
96409||17.96||||
96411||17.96||||
96413||28.59||||
96415||21.49||||
96416||46.19||||
96417||28.59||||
96420||42.17||||
96422||37.15||||
96423||16.72||||
96425||153.04||||
96440||166.38||||
96446||124.26||||
96450||130.64||||
96521||16.53||||
96522||28.07||||
96542||85.52||||
96573||175.99||||
96574||225.33||||
96900||7.4||||
96910||24.6||||
96912||15.96||||
96913||32.63||||
96920||124.29||||
96921||133.17||||
96922||182.15||||
97010||9.84||||
97012||11.14||||
97014||11.14||||
97016||11.14||||
97018||9.84||||
97022||11.14||||
97024||9.84||||
97026||9.84||||
97028||9.84||||
97032||8.66||||
97033||9.18||||
97034||7.83||||
97035||7.43||||
97036||11.14||||
97039||14.27||||
97110||10.96||||
97112||12.22||||
97113||13.93||||
97116||11.28||||
97124||10.29||||
97129||20.78||||
97130||19.84||||
97139||7.65||||
97140||22.21||||
97530||11.14||||
97533||24.17||||
97597||42.11||||
97598||53.47||||
97750||11.5||||
97802||30.35||||
97803||26.11||||
97804||13.91||||
97810||20.0||||
97811||20.0||||
97813||20.0||||
97814||20.0||||
98925||27.57||||
98926||39.54||||
98960||26.66||||
98961||12.66||||
98962||9.46||||
99000||3.63||||
99082||50.4||||
99091||48.32||||
99151||69.63||||
99152||46.65||||
99153||10.09||||
99155||78.32||||
99156||63.61||||
99157||48.19||||
99170||108.8||||
99183||92.9||||
99184||199.1||||
99188||18.0||||
99195||16.4||||
99202||34.3||||
99203||57.2||||
99204||68.9||||
99205||82.7||||
99211||12.0||||
99212||18.1||||
99213||24.0||||
99214||37.5||||
99215||57.2||||
99221||34.3||||
99222||73.2||||
99223||80.1||||
99231||27.5||||
99232||37.8||||
99233||45.8||||
99234||74.7||||
99235||103.5||||
99236||124.6||||
99238||37.6||||
99239||53.4||||
99242||47.2||||
99243||59.5||||
99244||81.4||||
99245||102.2||||
99252||32.46||||
99253||46.44||||
99254||65.01||||
99255||86.25||||
99281||15.18||||
99282||24.38||||
99283||44.6||||
99284||68.35||||
99285||108.08||||
99291||121.6||||
99292||58.9||||
99304||37.8||||
99305||46.9||||
99306||72.1||||
99307||13.7||||
99308||27.5||||
99309||40.0||||
99310||52.0||||
99315||38.4||||
99316||46.6||||
99341||41.2||||
99342||49.2||||
99344||77.0||||
99345||94.3||||
99347||25.2||||
99348||34.3||||
99349||51.6||||
99350||80.1||||
99360||25.5||||
99366||30.54||||
99368||28.32||||
99381||45.33||||
99382||47.13||||
99383||54.83||||
99384||65.78||||
99385||114.1||||
99386||132.2||||
99387||143.0||||
99391||34.69||||
99392||37.39||||
99393||43.85||||
99394||54.83||||
99395||102.9||||
99396||109.9||||
99397||118.4||||
99406||10.41||||
99407||19.93||||
99415||8.11||||
99416||4.49||||
99417||28.38||||
99418||33.01||||
99424||71.31||||
99425||51.53||||
99426||54.41||||
99427||41.93||||
99437||52.49||||
99439||32.58||||
99451||31.45||||
99452||31.45||||
99453||17.77||||
99454||58.92||||
99457||44.84||||
99458||35.59||||
99460||47.2||||
99461||72.8||||
99462||25.2||||
99463||93.28||||
99464||59.2||||
99465||122.0||||
99466||193.96||||
99467||96.79||||
99468||299.0||||
99469||143.52||||
99471||299.0||||
99472||143.52||||
99475||299.0||||
99476||143.52||||
99477||265.48||||
99478||121.51||||
99479||104.41||||
99480||98.63||||
99483||246.66||||
99485||62.57||||
99486||54.44||||
99490||45.11||||
99491||71.19||||
99492||141.26||||
99493||112.14||||
99494||57.88||||
99497||69.59||||
99498||62.64||||
99605||43.0||||
99606||43.0||||
99607||32.0||||
C9728||155.26||||
G0422||94.8||||
G0423||94.8||||
G0442||16.5||||
G0446||21.28||||
G0447||22.26||||
G0452||15.89||||
G0473||10.68||||
G0500||53.85||||
G0506||55.57||||
G0508||168.71||||
G0509||162.69||||
G2086||355.35||||
G2087||314.6||||
G2088||61.69||||
G2213||58.05||||
G8431||29.68||||
G8510||10.7||||
G9002||50.89||||
H1011||92.46||||
H2015||19.31||||
H2027||19.31||||
S0199||536.48||||
S0265||15.0||||
T1013||4.84||||
T1027||19.31||||
T1028||26.66||||
T1032||15.0||||
T1033||250.85||||
V2020||21.31||||
V2100||18.3||||
V2101||21.69||||
V2102||25.75||||
V2103||18.48||||
V2104||18.62||||
V2105||29.39||||
V2106||31.14||||
V2107||21.89||||
V2108||22.18||||
V2109||33.01||||
V2110||37.34||||
V2111||25.74||||
V2112||25.74||||
V2113||37.4||||
V2114||29.9||||
V2115||77.05||||
V2121||64.77||||
V2200||29.39||||
V2201||36.38||||
V2202||42.6||||
V2203||29.76||||
V2204||29.77||||
V2205||43.91||||
V2206||44.17||||
V2207||36.41||||
V2208||38.48||||
V2209||49.81||||
V2210||51.64||||
V2211||42.31||||
V2212||42.6||||
V2213||52.37||||
V2214||44.87||||
V2215||95.89||||
V2220||14.31||||
V2221||75.56||||
V2300||42.35||||
V2301||46.42||||
V2302||54.33||||
V2303||42.59||||
V2304||50.21||||
V2305||55.1||||
V2306||55.36||||
V2307||47.6||||
V2308||47.6||||
V2309||61.83||||
V2310||62.09||||
V2311||54.33||||
V2312||54.59||||
V2313||62.09||||
V2314||54.33||||
V2320||14.31||||
V2321||93.54||||
V2410||57.05||||
V2430||97.71||||
V2500||65.94||||
V2501||103.69||||
V2510||88.64||||
V2511||143.27||||
V2513||152.59||||
V2520||78.21||||
V2521||136.15||||
V2523||112.92||||
V2599||56.77||||
V2624||31.96||||
V2710||40.0||||
V2715||8.17||||
V2718||15.78||||
V2750||15.33||||
V2755||9.37||||
V2760||13.7||||
V2762||37.54||||
V2770||7.68||||
Z1032||126.31||||
Z1034||60.48||||
Z1038||60.48||||
Z4303||30.0||||
Z4304||54.0||||
Z4313||28.8||||
Z5422||125.0||||
Z5424||2.0||||
T1015||71.5||||
91010|26|54.6||||
91020|26|75.51||||
91022|26|77.9||||
91030|26|35.2||||
91034|26|60.54||||
91035|26|72.73||||
91037|26|104.69||||
91038|26|80.83||||
91065|26|19.46||||
91110|26|120.64||||
91122|26|47.09||||
91132|26|67.71||||
91133|26|81.25||||
91200|26|12.5||||
92025|26|21.46||||
92060|26|26.35||||
92081|26|25.37||||
92082|26|26.23||||
92083|26|23.8||||
92132|26|14.81||||
92133|26|20.64||||
92134|26|20.64||||
92136|26|22.83||||
92228|26|14.93||||
92235|26|45.77||||
92240|26|44.39||||
92242|26|47.78||||
92250|26|32.86||||
92265|26|32.52||||
92270|26|25.97||||
92283|26|12.93||||
92284|26|15.7||||
92540|26|64.06||||
92541|26|5.83||||
92542|26|5.57||||
92544|26|5.57||||
92545|26|5.57||||
92546|26|5.57||||
92547|26|5.57||||
92587|26|6.15||||
92588|26|15.38||||
92978|26|83.32||||
92979|26|66.14||||
93024|26|73.17||||
93025|26|163.3||||
93050|26|7.23||||
93260|26|38.38||||
93261|26|33.56||||
93278|26|10.49||||
93279|26|30.74||||
93280|26|37.06||||
93281|26|43.32||||
93282|26|40.53||||
93283|26|50.85||||
93284|26|60.47||||
93285|26|25.34||||
93286|26|12.64||||
93287|26|18.71||||
93288|26|20.53||||
93289|26|37.25||||
93290|26|17.81||||
93291|26|21.07||||
93292|26|20.87||||
93293|26|14.26||||
93303|26|54.95||||
93304|26|34.23||||
93306|26|62.34||||
93307|26|60.04||||
93308|26|30.02||||
93312|26|116.8||||
93315|26|144.92||||
93318|26|192.0||||
93320|26|30.63||||
93321|26|15.58||||
93325|26|2.34||||
93350|26|48.06||||
93351|26|123.64||||
93451|26|118.77||||
93452|26|213.6||||
93453|26|279.56||||
93454|26|212.67||||
93455|26|248.26||||
93456|26|275.8||||
93457|26|312.69||||
93458|26|256.5||||
93459|26|293.6||||
93460|26|324.88||||
93461|26|359.97||||
93464|26|76.44||||
93505|26|185.45||||
93571|26|80.13||||
93572|26|62.94||||
93600|26|117.68||||
93602|26|81.53||||
93603|26|113.11||||
93609|26|241.05||||
93610|26|83.65||||
93612|26|80.47||||
93613|26|237.53||||
93615|26|65.6||||
93616|26|84.13||||
93618|26|125.61||||
93619|26|417.52||||
93620|26|510.52||||
93621|26|489.54||||
93622|26|489.54||||
93624|26|225.64||||
93631|26|376.31||||
93640|26|285.21||||
93641|26|347.56||||
93642|26|330.66||||
93644|26|161.6||||
93662|26|132.57||||
93724|26|178.74||||
93880|26|39.16||||
93882|26|10.67||||
93886|26|41.13||||
93888|26|27.33||||
93892|26|89.95||||
93893|26|88.16||||
93922|26|16.67||||
93923|26|30.18||||
93924|26|32.99||||
93925|26|24.22||||
93926|26|11.88||||
93930|26|19.53||||
93931|26|17.4||||
93970|26|47.11||||
93971|26|13.53||||
93975|26|65.74||||
93976|26|32.49||||
93978|26|44.32||||
93979|26|11.9||||
93980|26|49.69||||
93981|26|17.4||||
93990|26|10.05||||
94010|26|9.84||||
94060|26|18.01||||
94150|26|2.23||||
94200|26|6.56||||
94375|26|9.29||||
94450|26|9.68||||
94617|26|28.53||||
94618|26|19.58||||
94621|26|41.84||||
94680|26|16.4||||
94681|26|32.8||||
94690|26|5.94||||
94726|26|10.1||||
94727|26|10.16||||
94728|26|10.16||||
94729|26|6.75||||
95782|26|104.12||||
95783|26|121.18||||
95800|26|24.8||||
95801|26|39.49||||
95805|26|68.5||||
95806|26|37.22||||
95807|26|82.4||||
95808|26|105.23||||
95810|26|156.63||||
95811|26|168.13||||
95812|26|41.73||||
95813|26|66.8||||
95816|26|36.28||||
95819|26|34.46||||
95822|26|29.9||||
95824|26|30.62||||
95829|26|215.81||||
95860|26|53.14||||
95861|26|76.75||||
95863|26|85.82||||
95864|26|109.88||||
95865|26|74.88||||
95866|26|49.85||||
95867|26|32.31||||
95868|26|64.31||||
95869|26|19.68||||
95870|26|15.39||||
95872|26|56.4||||
95873|26|18.86||||
95874|26|19.12||||
95875|26|39.41||||
95885|26|14.95||||
95886|26|39.96||||
95887|26|31.66||||
95905|26|52.39||||
95907|26|43.89||||
95908|26|55.18||||
95909|26|66.06||||
95910|26|88.52||||
95911|26|110.89||||
95912|26|131.97||||
95913|26|15.81||||
95924|26|73.43||||
95925|26|46.61||||
95926|26|67.73||||
95927|26|67.73||||
95928|26|84.23||||
95929|26|87.83||||
95930|26|27.21||||
95937|26|16.72||||
95938|26|37.47||||
95939|26|95.57||||
95955|26|55.58||||
95957|26|48.87||||
95958|26|197.81||||
96020|26|141.3||||
G0452|26|15.89||||
91010|TC|14.51||||
91020|TC|16.58||||
91022|TC|17.1||||
91030|TC|5.26||||
91034|TC|17.07||||
91035|TC|29.7||||
91037|TC|29.53||||
91038|TC|33.01||||
91065|TC|7.57||||
91110|TC|683.65||||
91122|TC|13.28||||
91132|TC|26.33||||
91133|TC|31.6||||
91200|TC|19.55||||
92025|TC|5.36||||
92060|TC|7.43||||
92081|TC|7.58||||
92082|TC|7.84||||
92083|TC|6.71||||
92132|TC|11.63||||
92133|TC|11.61||||
92134|TC|11.61||||
92136|TC|44.31||||
92228|TC|11.73||||
92235|TC|35.96||||
92240|TC|29.6||||
92242|TC|159.98||||
92250|TC|9.27||||
92265|TC|9.72||||
92270|TC|7.32||||
92283|TC|3.86||||
92284|TC|4.69||||
92540|TC|18.07||||
92541|TC|8.74||||
92542|TC|8.36||||
92544|TC|8.36||||
92545|TC|8.36||||
92546|TC|8.36||||
92547|TC|8.36||||
92587|TC|34.85||||
92588|TC|35.88||||
92978|TC|141.87||||
92979|TC|71.65||||
93024|TC|31.36||||
93025|TC|69.98||||
93050|TC|8.15||||
93260|TC|20.67||||
93261|TC|20.57||||
93278|TC|16.42||||
93279|TC|18.05||||
93280|TC|20.85||||
93281|TC|24.37||||
93282|TC|21.82||||
93283|TC|25.05||||
93284|TC|28.46||||
93285|TC|16.89||||
93286|TC|11.2||||
93287|TC|12.48||||
93288|TC|17.49||||
93289|TC|20.95||||
93290|TC|9.59||||
93291|TC|15.26||||
93292|TC|15.75||||
93293|TC|38.55||||
93303|TC|97.7||||
93304|TC|49.25||||
93306|TC|177.42||||
93307|TC|90.06||||
93308|TC|45.03||||
93312|TC|38.94||||
93315|TC|48.31||||
93318|TC|64.0||||
93320|TC|45.94||||
93321|TC|23.36||||
93325|TC|75.54||||
93350|TC|48.06||||
93351|TC|123.64||||
93451|TC|579.86||||
93452|TC|549.26||||
93453|TC|718.88||||
93454|TC|574.98||||
93455|TC|671.23||||
93456|TC|709.21||||
93457|TC|804.05||||
93458|TC|693.51||||
93459|TC|754.97||||
93460|TC|795.41||||
93461|TC|925.62||||
93464|TC|148.37||||
93505|TC|52.31||||
93571|TC|162.68||||
93572|TC|161.83||||
93600|TC|45.77||||
93602|TC|24.35||||
93603|TC|46.2||||
93609|TC|52.91||||
93610|TC|22.23||||
93612|TC|25.41||||
93613|TC|75.01||||
93615|TC|16.4||||
93616|TC|9.35||||
93618|TC|51.31||||
93619|TC|178.94||||
93620|TC|188.82||||
93621|TC|209.8||||
93622|TC|209.8||||
93624|TC|59.98||||
93631|TC|185.34||||
93640|TC|198.2||||
93641|TC|195.5||||
93642|TC|194.19||||
93644|TC|99.04||||
93662|TC|137.99||||
93724|TC|96.24||||
93880|TC|117.48||||
93882|TC|65.57||||
93886|TC|154.75||||
93888|TC|102.83||||
93892|TC|134.93||||
93893|TC|132.25||||
93922|TC|35.43||||
93923|TC|67.18||||
93924|TC|73.43||||
93925|TC|72.65||||
93926|TC|73.01||||
93930|TC|73.48||||
93931|TC|65.46||||
93970|TC|121.13||||
93971|TC|71.03||||
93975|TC|122.1||||
93976|TC|122.23||||
93978|TC|119.83||||
93979|TC|67.43||||
93980|TC|115.93||||
93981|TC|106.9||||
93990|TC|61.7||||
94010|TC|14.76||||
94060|TC|27.02||||
94150|TC|3.34||||
94200|TC|9.84||||
94375|TC|13.93||||
94450|TC|14.52||||
94617|TC|57.92||||
94618|TC|10.54||||
94621|TC|57.77||||
94680|TC|24.6||||
94681|TC|49.2||||
94690|TC|8.92||||
94726|TC|37.99||||
94727|TC|27.46||||
94728|TC|27.46||||
94729|TC|41.45||||
95782|TC|842.4||||
95783|TC|888.64||||
95800|TC|112.96||||
95801|TC|44.53||||
95805|TC|127.22||||
95806|TC|45.5||||
95807|TC|128.89||||
95808|TC|128.62||||
95810|TC|191.44||||
95811|TC|189.59||||
95812|TC|40.09||||
95813|TC|44.54||||
95816|TC|39.3||||
95819|TC|30.55||||
95822|TC|35.11||||
95824|TC|10.2||||
95829|TC|6.67||||
95860|TC|12.46||||
95861|TC|21.65||||
95863|TC|25.63||||
95864|TC|54.12||||
95865|TC|24.96||||
95866|TC|16.62||||
95867|TC|15.92||||
95868|TC|17.1||||
95869|TC|6.56||||
95870|TC|4.86||||
95872|TC|16.85||||
95873|TC|5.63||||
95874|TC|5.71||||
95875|TC|11.77||||
95885|TC|34.89||||
95886|TC|36.88||||
95887|TC|37.17||||
95905|TC|18.41||||
95907|TC|38.92||||
95908|TC|47.01||||
95909|TC|56.28||||
95910|TC|72.43||||
95911|TC|83.66||||
95912|TC|95.56||||
95913|TC|247.64||||
95924|TC|55.39||||
95925|TC|38.14||||
95926|TC|55.42||||
95927|TC|55.42||||
95928|TC|68.92||||
95929|TC|71.86||||
95930|TC|7.23||||
95937|TC|5.57||||
95938|TC|230.2||||
95939|TC|319.97||||
95955|TC|55.58||||
95957|TC|67.48||||
95958|TC|49.45||||
90951||895.71|3|0|18|
90954||724.53|3|0|18|
90955||412.18|3|0|18|
90956||279.3|3|0|18|
90957||584.01|3|0|18|
90958||394.83|3|0|18|
90959||259.0|3|0|18|
90960||261.84|3|0|18|
90961||210.78|3|0|18|
90962||151.98|3|0|18|
90963||501.53|3|0|18|
90964||416.22|3|0|18|
90965||396.03|3|0|18|
90966||208.27|3|0|18|
90967||18.22|3|0|18|
90968||13.96|3|0|18|
90969||13.64|3|0|18|
90970||7.31|3|0|18|
92551||11.13|3|0|18|
92552||16.69|3|0|18|
92553||22.26|3|0|18|
92555||12.22|3|0|18|
92556||29.46|3|0|18|
92587||44.73|3|0|18|
92950||125.47|3|0|18|
94002||48.88|3|0|18|
94003||38.51|3|0|18|
94640||12.76|3|0|18|
94642||93.72|3|0|18|
94644||18.55|3|0|18|
94645||13.53|3|0|18|
94660||44.51|3|0|18|
94662||30.55|3|0|18|
94664||9.38|3|0|18|
94667||21.71|3|0|18|
94668||12.76|3|0|18|
94772||47.79|3|0|18|
95004||2.07|3|0|18|
95024||3.05|3|0|18|
95027||3.05|3|0|18|
95028||4.58|3|0|18|
95044||4.04|3|0|18|
95052||5.02|3|0|18|
95056||3.49|3|0|18|
95060||7.09|3|0|18|
95065||4.47|3|0|18|
95070||44.95|3|0|18|
95115||5.35|3|0|18|
95180||66.55|3|0|18|
95199||5.56|3|0|18|
96110||59.9|3|0|18|
96116||61.31|3|0|18|
96360||55.97|3|0|18|
96361||15.93|3|0|18|
99170||118.7|3|0|18|
99202||37.42|3|0|18|
99203||62.41|3|0|18|
99204||75.17|3|0|18|
99205||90.23|3|0|18|
99211||13.09|3|0|18|
99212||19.75|3|0|18|
99213||26.18|3|0|18|
99214||40.91|3|0|18|
99215||62.41|3|0|18|
99221||37.42|3|0|18|
99222||79.86|3|0|18|
99223||87.39|3|0|18|
99231||30.0|3|0|18|
99232||41.24|3|0|18|
99233||49.97|3|0|18|
99234||81.5|3|0|18|
99235||112.92|3|0|18|
99236||135.94|3|0|18|
99238||41.02|3|0|18|
99239||58.26|3|0|18|
99242||51.5|3|0|18|
99243||64.91|3|0|18|
99244||88.81|3|0|18|
99245||111.5|3|0|18|
99291||132.67|3|0|18|
99292||64.26|3|0|18|
99304||41.24|3|0|18|
99305||51.17|3|0|18|
99306||78.66|3|0|18|
99307||14.95|3|0|18|
99308||30.0|3|0|18|
99309||43.64|3|0|18|
99310||56.73|3|0|18|
99315||41.89|3|0|18|
99316||50.84|3|0|18|
99341||44.95|3|0|18|
99342||53.68|3|0|18|
99344||84.01|3|0|18|
99345||102.88|3|0|18|
99347||27.49|3|0|18|
99348||37.42|3|0|18|
99349||56.3|3|0|18|
99350||87.39|3|0|18|
99360||27.82|3|0|18|
99381||45.33|3|0|18|
99382||47.13|3|0|18|
99383||54.83|3|0|18|
99384||65.78|3|0|18|
99391||34.69|3|0|18|
99392||37.39|3|0|18|
99393||43.85|3|0|18|
99394||54.83|3|0|18|
99460||51.5|3|0|18|
99461||79.42|3|0|18|
99462||27.49|3|0|18|
99464||64.59|3|0|18|
99465||133.1|3|0|18|
92587|26|6.71|3|0|18|
92587|TC|38.02|3|0|18|
90785||4.92||||23
90791||162.44||||23
90792||130.95||||23
90832||67.05||||23
90833||43.74||||23
90834||85.18||||23
90836||71.05||||23
90837||124.32||||23
90838||114.87||||23
90839||38.01||||23
90840||18.98||||23
90847||89.65||||23
90853||4.4||||23
90870||96.1||||23
90880||66.09||||23
90935||71.78||||23
90937||194.5||||23
90940||131.28||||23
90945||91.52||||23
90947||137.28||||23
90967||20.74||||23
90968||15.9||||23
90969||15.53||||23
90970||8.32||||23
90993||35.34||||23
90997||111.19||||23
91010||87.65||||23
91013||26.3||||23
91020||116.79||||23
91030||51.31||||23
91065||34.28||||23
91110||1020.07||||23
91122||76.56||||23
91132||119.27||||23
91133||143.12||||23
92002||47.11||||23
92004||63.14||||23
92012||47.11||||23
92014||48.74||||23
92018||60.73||||23
92019||54.66||||23
92020||24.37||||23
92060||42.85||||23
92071||40.63||||23
92072||129.28||||23
92081||41.79||||23
92082||43.21||||23
92083||38.7||||23
92100||36.69||||23
92132||33.53||||23
92133||40.9||||23
92134||40.9||||23
92230||58.9||||23
92235||103.66||||23
92240||93.84||||23
92260||41.6||||23
92265||53.57||||23
92270||42.22||||23
92283||21.3||||23
92284||25.86||||23
92310||46.17||||23
92311||46.51||||23
92312||55.59||||23
92313||41.79||||23
92314||45.71||||23
92315||45.71||||23
92316||60.48||||23
92317||33.68||||23
92325||15.49||||23
92353||15.9||||23
92502||78.33||||23
92504||21.11||||23
92507||37.69||||23
92508||26.18||||23
92511||53.0||||23
92512||31.18||||23
92516||24.92||||23
92520||38.21||||23
92526||42.89||||23
92533||35.34||||23
92541||18.48||||23
92542||17.67||||23
92544||17.67||||23
92545||17.67||||23
92546||17.67||||23
92547||17.67||||23
92551||12.67||||23
92552||19.0||||23
92553||25.34||||23
92555||13.91||||23
92556||33.53||||23
92557||51.82||||23
92562||9.77||||23
92563||9.08||||23
92565||11.78||||23
92568||11.77||||23
92571||12.08||||23
92572||2.64||||23
92575||9.43||||23
92576||15.31||||23
92577||17.26||||23
92579||32.25||||23
92587||50.92||||23
92588||65.01||||23
92590||43.58||||23
92591||43.58||||23
92597||103.86||||23
92605||44.09||||23
92607||121.72||||23
92610||61.87||||23
92611||50.67||||23
92620||51.69||||23
92621||12.82||||23
92625||50.82||||23
92950||142.83||||23
92953||25.88||||23
92961||219.14||||23
92970||239.06||||23
92971||100.5||||23
92973||186.07||||23
92974||201.87||||23
92975||427.15||||23
92977||316.35||||23
92986||1225.02||||23
92987||1323.91||||23
92990||1038.75||||23
93000||36.4||||23
93005||20.8||||23
93010||15.6||||23
93015||121.64||||23
93016||31.16||||23
93017||66.58||||23
93018||23.9||||23
93024||132.58||||23
93040||16.58||||23
93041||6.51||||23
93042||10.82||||23
93303||193.61||||23
93304||105.87||||23
93320||97.12||||23
93321||49.39||||23
93325||98.78||||23
93451||886.07||||23
93452||967.53||||23
93453||1266.31||||23
93454||998.97||||23
93455||1166.18||||23
93456||1249.28||||23
93457||1416.36||||23
93458||1204.89||||23
93459||1329.89||||23
93460||1420.86||||23
93461||1630.5||||23
93462||209.45||||23
93463||111.55||||23
93464||285.13||||23
93503||161.04||||23
93505||301.55||||23
93563||59.49||||23
93564||60.41||||23
93565||45.7||||23
93566||196.2||||23
93567||118.21||||23
93568||118.21||||23
93571||307.95||||23
93600||207.3||||23
93602||134.28||||23
93603||202.05||||23
93609||372.83||||23
93610||134.28||||23
93612||134.28||||23
93615||104.0||||23
93616||118.56||||23
93618||224.39||||23
93619||756.49||||23
93620||886.96||||23
93621||886.96||||23
93622||886.96||||23
93624||362.25||||23
93631||712.34||||23
93640||613.1||||23
93641||688.76||||23
93642||665.66||||23
93644||330.56||||23
93650||907.73||||23
93653||836.39||||23
93654||1116.38||||23
93655||418.29||||23
93656||1116.69||||23
93657||418.5||||23
93662||343.15||||23
93724||348.75||||23
93745||94.14||||23
93880||198.66||||23
93882||96.7||||23
93886||248.44||||23
93888||165.08||||23
93892||285.21||||23
93893||279.54||||23
93922||66.08||||23
93923||123.48||||23
93924||134.97||||23
93925||122.86||||23
93926||107.66||||23
93930||117.97||||23
93931||105.09||||23
93970||213.38||||23
93971||107.24||||23
93975||238.23||||23
93976||196.23||||23
93978||208.19||||23
93979||100.61||||23
93980||210.05||||23
93981||157.65||||23
93990||91.0||||23
94010||31.2||||23
94014||48.08||||23
94015||18.3||||23
94016||29.78||||23
94060||57.11||||23
94150||7.06||||23
94200||20.8||||23
94375||29.45||||23
94450||30.69||||23
94621||126.34||||23
94640||14.53||||23
94642||106.69||||23
94644||21.11||||23
94645||15.4||||23
94660||50.67||||23
94662||34.78||||23
94664||10.68||||23
94667||24.72||||23
94668||14.53||||23
94680||52.0||||23
94681||104.0||||23
94690||18.84||||23
94728||47.72||||23
94729||61.13||||23
94760||7.09||||23
94772||54.4||||23
95004||2.36||||23
95017||9.83||||23
95018||24.6||||23
95024||3.48||||23
95027||3.48||||23
95028||5.22||||23
95044||4.6||||23
95052||5.71||||23
95056||3.97||||23
95060||8.07||||23
95065||5.09||||23
95070||51.17||||23
95115||6.09||||23
95170||10.89||||23
95180||75.76||||23
95199||6.33||||23
95782||1200.46||||23
95783||1280.75||||23
95805||248.23||||23
95807||267.98||||23
95808||296.59||||23
95810||441.46||||23
95811||453.69||||23
95812||103.77||||23
95813||141.21||||23
95816||95.86||||23
95819||82.45||||23
95822||82.45||||23
95824||51.77||||23
95829||282.17||||23
95830||100.63||||23
95851||18.84||||23
95852||10.38||||23
95857||37.69||||23
95860||83.2||||23
95861||124.8||||23
95863||141.35||||23
95864||208.0||||23
95867||61.17||||23
95868||103.25||||23
95869||33.28||||23
95870||25.69||||23
95872||92.9||||23
95875||64.91||||23
95885||63.21||||23
95886||97.46||||23
95887||87.3||||23
95925||107.48||||23
95928||194.24||||23
95929||202.56||||23
95930||43.68||||23
95937||28.27||||23
95938||339.48||||23
95939||527.02||||23
95955||140.98||||23
95957||147.57||||23
95958||313.6||||23
95970||25.1||||23
95971||42.76||||23
95972||82.1||||23
96105||64.94||||23
96116||69.8||||23
96360||63.71||||23
96361||18.13||||23
96365||79.39||||23
96366||24.44||||23
96367||39.37||||23
96368||22.78||||23
96369||175.54||||23
96370||17.16||||23
96371||85.9||||23
96372||23.77||||23
96373||20.17||||23
96374||63.18||||23
96375||27.0||||23
96401||13.52||||23
96402||13.52||||23
96405||49.86||||23
96406||65.62||||23
96409||22.78||||23
96411||22.78||||23
96413||36.26||||23
96416||58.58||||23
96417||36.26||||23
96420||53.49||||23
96422||47.11||||23
96425||194.1||||23
96440||211.02||||23
96446||157.6||||23
96450||165.69||||23
96522||35.6||||23
96542||108.46||||23
96900||9.38||||23
96910||31.2||||23
96912||20.24||||23
96913||41.38||||23
97010||12.48||||23
97012||14.13||||23
97014||14.13||||23
97016||14.13||||23
97018||12.48||||23
97022||14.13||||23
97024||12.48||||23
97026||12.48||||23
97028||12.48||||23
97032||10.98||||23
97033||11.65||||23
97034||9.93||||23
97035||9.42||||23
97036||14.13||||23
97039||18.1||||23
97110||13.9||||23
97112||15.5||||23
97113||17.67||||23
97116||14.31||||23
97124||13.05||||23
97139||9.7||||23
97140||28.17||||23
97530||14.13||||23
97533||30.66||||23
97597||53.4||||23
97598||67.82||||23
97750||14.58||||23
97802||30.35||||23
97803||26.11||||23
97804||13.91||||23
97810||25.37||||23
97811||25.37||||23
97813||25.37||||23
97814||25.37||||23
99170||135.13||||23
99183||117.82||||23
99195||20.8||||23
99202||42.6||||23
99203||71.04||||23
99204||85.57||||23
99205||102.71||||23
99211||14.9||||23
99212||22.48||||23
99213||29.81||||23
99214||46.58||||23
99215||71.04||||23
99221||42.6||||23
99222||90.91||||23
99223||99.48||||23
99231||34.16||||23
99232||46.95||||23
99233||56.88||||23
99234||92.78||||23
99235||128.55||||23
99236||154.75||||23
99238||46.7||||23
99239||66.32||||23
99242||58.62||||23
99243||73.9||||23
99244||101.1||||23
99245||126.93||||23
99281||15.18||||23
99282||24.38||||23
99283||44.6||||23
99284||68.35||||23
99285||108.08||||23
99291||151.03||||23
99292||73.15||||23
99315||47.69||||23
99316||57.88||||23
99341||51.17||||23
99342||61.11||||23
99344||95.63||||23
99345||117.12||||23
99347||31.3||||23
99348||42.6||||23
99349||64.09||||23
99350||99.48||||23
99360||31.67||||23
99387||177.61||||23
99397||147.05||||23
99464||73.53||||23
99477||336.71||||23
91010|26|69.24||||23
91020|26|95.77||||23
91030|26|44.64||||23
91065|26|24.68||||23
91110|26|153.01||||23
91122|26|59.72||||23
91132|26|85.87||||23
91133|26|103.05||||23
92060|26|33.42||||23
92081|26|32.18||||23
92082|26|33.27||||23
92083|26|30.19||||23
92132|26|18.78||||23
92133|26|26.18||||23
92134|26|26.18||||23
92235|26|58.05||||23
92240|26|56.3||||23
92265|26|41.25||||23
92270|26|32.93||||23
92283|26|16.4||||23
92284|26|19.91||||23
92541|26|7.39||||23
92542|26|7.07||||23
92544|26|7.07||||23
92545|26|7.07||||23
92546|26|7.07||||23
92547|26|7.07||||23
92587|26|7.64||||23
92588|26|19.5||||23
93024|26|92.81||||23
93303|26|69.7||||23
93304|26|43.41||||23
93320|26|38.85||||23
93321|26|19.76||||23
93325|26|2.96||||23
93451|26|150.63||||23
93452|26|270.91||||23
93453|26|354.57||||23
93454|26|269.72||||23
93455|26|314.87||||23
93456|26|349.8||||23
93457|26|396.58||||23
93458|26|325.32||||23
93459|26|372.37||||23
93460|26|412.05||||23
93461|26|456.54||||23
93464|26|96.94||||23
93505|26|235.21||||23
93571|26|101.62||||23
93600|26|149.26||||23
93602|26|103.4||||23
93603|26|143.46||||23
93609|26|305.72||||23
93610|26|106.08||||23
93612|26|102.05||||23
93615|26|83.2||||23
93616|26|106.7||||23
93618|26|159.32||||23
93619|26|529.54||||23
93620|26|647.48||||23
93621|26|620.87||||23
93622|26|620.87||||23
93624|26|286.18||||23
93631|26|477.27||||23
93640|26|361.73||||23
93641|26|440.81||||23
93642|26|419.37||||23
93644|26|204.95||||23
93662|26|168.14||||23
93724|26|226.69||||23
93880|26|49.66||||23
93882|26|13.54||||23
93886|26|52.17||||23
93888|26|34.67||||23
93892|26|114.08||||23
93893|26|111.82||||23
93922|26|21.15||||23
93923|26|38.28||||23
93924|26|41.84||||23
93925|26|30.72||||23
93926|26|15.07||||23
93930|26|24.77||||23
93931|26|22.07||||23
93970|26|59.75||||23
93971|26|17.16||||23
93975|26|83.38||||23
93976|26|41.21||||23
93978|26|56.21||||23
93979|26|15.09||||23
93980|26|63.02||||23
93981|26|22.07||||23
93990|26|12.74||||23
94010|26|12.48||||23
94060|26|22.84||||23
94150|26|2.82||||23
94200|26|8.32||||23
94375|26|11.78||||23
94450|26|12.28||||23
94621|26|53.06||||23
94680|26|20.8||||23
94681|26|41.6||||23
94690|26|7.54||||23
94728|26|12.88||||23
94729|26|8.56||||23
95782|26|132.05||||23
95783|26|153.69||||23
95805|26|86.88||||23
95807|26|104.51||||23
95808|26|133.47||||23
95810|26|198.66||||23
95811|26|213.23||||23
95812|26|52.92||||23
95813|26|84.73||||23
95816|26|46.01||||23
95819|26|43.7||||23
95822|26|37.93||||23
95824|26|38.83||||23
95829|26|273.7||||23
95860|26|67.39||||23
95861|26|97.34||||23
95863|26|108.84||||23
95864|26|139.36||||23
95867|26|40.98||||23
95868|26|81.57||||23
95869|26|24.96||||23
95870|26|19.52||||23
95872|26|71.53||||23
95875|26|49.98||||23
95885|26|18.96||||23
95886|26|50.68||||23
95887|26|40.16||||23
95925|26|59.11||||23
95928|26|106.83||||23
95929|26|111.41||||23
95930|26|34.51||||23
95937|26|21.2||||23
95938|26|47.53||||23
95939|26|121.21||||23
95955|26|70.49||||23
95957|26|61.98||||23
95958|26|250.88||||23
91010|TC|18.41||||23
91020|TC|21.02||||23
91030|TC|6.67||||23
91065|TC|9.6||||23
91110|TC|867.06||||23
91122|TC|16.84||||23
91132|TC|33.4||||23
91133|TC|40.07||||23
92060|TC|9.43||||23
92081|TC|9.61||||23
92082|TC|9.94||||23
92083|TC|8.51||||23
92132|TC|14.75||||23
92133|TC|14.72||||23
92134|TC|14.72||||23
92235|TC|45.61||||23
92240|TC|37.54||||23
92265|TC|12.32||||23
92270|TC|9.29||||23
92283|TC|4.9||||23
92284|TC|5.95||||23
92541|TC|11.09||||23
92542|TC|10.6||||23
92544|TC|10.6||||23
92545|TC|10.6||||23
92546|TC|10.6||||23
92547|TC|10.6||||23
92587|TC|43.28||||23
92588|TC|45.51||||23
93024|TC|39.77||||23
93303|TC|123.91||||23
93304|TC|62.46||||23
93320|TC|58.27||||23
93321|TC|29.63||||23
93325|TC|95.82||||23
93451|TC|735.44||||23
93452|TC|696.62||||23
93453|TC|911.74||||23
93454|TC|729.25||||23
93455|TC|851.31||||23
93456|TC|899.48||||23
93457|TC|1019.78||||23
93458|TC|879.57||||23
93459|TC|957.52||||23
93460|TC|1008.81||||23
93461|TC|1173.96||||23
93464|TC|188.19||||23
93505|TC|66.34||||23
93571|TC|206.33||||23
93600|TC|58.04||||23
93602|TC|30.88||||23
93603|TC|58.59||||23
93609|TC|67.11||||23
93610|TC|28.2||||23
93612|TC|32.23||||23
93615|TC|20.8||||23
93616|TC|11.86||||23
93618|TC|65.07||||23
93619|TC|226.95||||23
93620|TC|239.48||||23
93621|TC|266.09||||23
93622|TC|266.09||||23
93624|TC|76.07||||23
93631|TC|235.07||||23
93640|TC|251.37||||23
93641|TC|247.95||||23
93642|TC|246.29||||23
93644|TC|125.61||||23
93662|TC|175.01||||23
93724|TC|122.06||||23
93880|TC|149.0||||23
93882|TC|83.16||||23
93886|TC|196.27||||23
93888|TC|130.41||||23
93892|TC|171.13||||23
93893|TC|167.72||||23
93922|TC|44.93||||23
93923|TC|85.2||||23
93924|TC|93.13||||23
93925|TC|92.14||||23
93926|TC|92.59||||23
93930|TC|93.2||||23
93931|TC|83.02||||23
93970|TC|153.63||||23
93971|TC|90.08||||23
93975|TC|154.85||||23
93976|TC|155.02||||23
93978|TC|151.98||||23
93979|TC|85.52||||23
93980|TC|147.04||||23
93981|TC|135.58||||23
93990|TC|78.26||||23
94010|TC|18.72||||23
94060|TC|34.27||||23
94150|TC|4.24||||23
94200|TC|12.48||||23
94375|TC|17.67||||23
94450|TC|18.41||||23
94621|TC|73.28||||23
94680|TC|31.2||||23
94681|TC|62.4||||23
94690|TC|11.3||||23
94728|TC|34.84||||23
94729|TC|52.57||||23
95782|TC|1068.41||||23
95783|TC|1127.06||||23
95805|TC|161.35||||23
95807|TC|163.47||||23
95808|TC|163.12||||23
95810|TC|242.8||||23
95811|TC|240.46||||23
95812|TC|50.85||||23
95813|TC|56.48||||23
95816|TC|49.85||||23
95819|TC|38.75||||23
95822|TC|44.52||||23
95824|TC|12.94||||23
95829|TC|8.47||||23
95860|TC|15.81||||23
95861|TC|27.46||||23
95863|TC|32.51||||23
95864|TC|68.64||||23
95867|TC|20.19||||23
95868|TC|21.68||||23
95869|TC|8.32||||23
95870|TC|6.17||||23
95872|TC|21.37||||23
95875|TC|14.93||||23
95885|TC|44.25||||23
95886|TC|46.78||||23
95887|TC|47.14||||23
95925|TC|48.37||||23
95928|TC|87.41||||23
95929|TC|91.15||||23
95930|TC|9.17||||23
95937|TC|7.07||||23
95938|TC|291.95||||23
95939|TC|405.81||||23
95955|TC|70.49||||23
95957|TC|85.59||||23
95958|TC|62.72||||23
