SVC_CD|Modifier_1|FEE|ASOFDATE
G0011||25.34|20250101
G0013||8.86|20250101
G0017||187.84|20250101
G0018||93.79|20250101
G0019||50.14|20250101
G0022||35.17|20250101
G0023||50.14|20250101
G0024||35.17|20250101
G0101||27.68|20250101
G0102||8.86|20250101
G0104||58.72|20250101
G0105||185.74|20250101
G0105|53|92.96|20250101
G0121||185.95|20250101
G0121|53|93.17|20250101
G0127||7.38|20250101
G0136||9.25|20250101
G0140||50.14|20250101
G0146||35.17|20250101
G0168||14.02|20250101
G0245||39.61|20250101
G0246||19.95|20250101
G0247||21.61|20250101
G0268||33.03|20250101
G0270||28.92|20250101
G0271||16.16|20250101
G0296||25.54|20250101
G0316||31.04|20250101
G0317||30.65|20250101
G0318||30.27|20250101
G0323||43.19|20250101
G0341||303.12|20250101
G0396||32.19|20250101
G0397||62.99|20250101
G0402||132.9|20250101
G0429||69.78|20250101
G0442||9.25|20250101
G0443||30.7|20250101
G0444||9.25|20250101
G0445||30.32|20250101
G0446||30.7|20250101
G0447||30.7|20250101
G0455||70.8|20250101
G0465||91.79|20250101
G0473||11.67|20250101
G0500||5.48|20250101
G0506||44.08|20250101
G0513||59.82|20250101
G0514||59.82|20250101
G0516||98.9|20250101
G0517||112.61|20250101
G0518||183.85|20250101
G0537||9.25|20250101
G0538||9.25|20250101
G0539||47.21|20250101
G0540||25.4|20250101
G0541||47.21|20250101
G0542||25.4|20250101
G0543||10.9|20250101
G0544||50.52|20250101
G0553||30.99|20250101
G0554||29.89|20250101
G0556||12.54|20250101
G0557||38.26|20250101
G0558||83.97|20250101
G0560||42.55|20250101
G2010||9.25|20250101
G2082||35.04|20250101
G2083||35.04|20250101
G2086||414.62|20250101
G2087||388.79|20250101
G2088||37.62|20250101
G2212||31.42|20250101
G2213||56.25|20250101
G2214||39.02|20250101
G2250||9.25|20250101
G2251||12.93|20250101
G2252||25.64|20250101
G3002||75.73|20250101
G3003||26.24|20250101
G9978||28.46|20250101
G9979||47.64|20250101
G9980||76.9|20250101
G9981||129.71|20250101
G9982||173.21|20250101
G9983||28.46|20250101
G9984||56.11|20250101
G9985||84.7|20250101
G9986||123.43|20250101
Q0091||18.44|20250101
0446T||57.5|20250101
0447T||66.99|20250101
0448T||95.76|20250101
10004||43.45|20250101
10005||72.87|20250101
10006||49.83|20250101
10007||88.64|20250101
10008||50.57|20250101
10009||107.57|20250101
10010||70.28|20250101
10021||55.33|20250101
10030||133.72|20250101
10035||83.51|20250101
10036||42.18|20250101
10040||53.35|20250101
10060||115.55|20250101
10061||195.15|20250101
10080||112.43|20250101
10081||176.92|20250101
10120||113.67|20250101
10121||191.75|20250101
10140||126.12|20250101
10160||103.02|20250101
10180||187.54|20250101
11000||26.88|20250101
11001||14.8|20250101
11010||284.74|20250101
11011||301.47|20250101
11012||419.74|20250101
11042||62.28|20250101
11043||155.85|20250101
11044||225.69|20250101
11045||24.57|20250101
11046||53.66|20250101
11047||95.42|20250101
11055||15.31|20250101
11056||22.03|20250101
11057||28.15|20250101
11102||38.47|20250101
11103||22.25|20250101
11104||47.64|20250101
11105||25.76|20250101
11106||57.3|20250101
11107||31.05|20250101
11200||83.62|20250101
11201||16.38|20250101
11300||34.57|20250101
11301||52.64|20250101
11302||61.1|20250101
11303||72.96|20250101
11305||37.38|20250101
11306||49.23|20250101
11307||62.25|20250101
11308||69.18|20250101
11310||46.22|20250101
11311||64.12|20250101
11312||76.15|20250101
11313||97.81|20250101
11400||91.54|20250101
11401||113.58|20250101
11402||123.85|20250101
11403||160.71|20250101
11404||175.57|20250101
11406||260.02|20250101
11420||88.75|20250101
11421||116.44|20250101
11422||146.66|20250101
11423||168.78|20250101
11424||192.3|20250101
11426||280.85|20250101
11440||117.35|20250101
11441||143.73|20250101
11442||158.1|20250101
11443||190.99|20250101
11444||239.19|20250101
11446||333.02|20250101
11450||277.98|20250101
11451||349.17|20250101
11462||267.67|20250101
11463||348.08|20250101
11470||302.97|20250101
11471||368.4|20250101
11600||129.31|20250101
11601||156.62|20250101
11602||170.52|20250101
11603||202.54|20250101
11604||221.79|20250101
11606||323.41|20250101
11620||130.23|20250101
11621||157.75|20250101
11622||178.1|20250101
11623||218.4|20250101
11624||246.44|20250101
11626||298.16|20250101
11640||134.46|20250101
11641||164.01|20250101
11642||190.71|20250101
11643||236.88|20250101
11644||291.23|20250101
11646||397.74|20250101
11719||7.38|20250101
11720||14.31|20250101
11721||23.74|20250101
11730||54.9|20250101
11732||16.69|20250101
11740||35.49|20250101
11750||107.22|20250101
11755||61.19|20250101
11760||114.9|20250101
11762||196.95|20250101
11765||99.99|20250101
11770||190.46|20250101
11771||469.05|20250101
11772||606.9|20250101
11900||30.17|20250101
11901||46.39|20250101
11920||118.47|20250101
11921||134.94|20250101
11922||28.66|20250101
11950||53.06|20250101
11951||73.76|20250101
11952||103.52|20250101
11954||113.71|20250101
11976||91.58|20250101
11980||54.97|20250101
11981||62.92|20250101
11982||72.66|20250101
11983||103.07|20250101
12001||44.26|20250101
12002||57.77|20250101
12004||71.67|20250101
12005||91.19|20250101
12006||112.81|20250101
12007||140.81|20250101
12011||54.86|20250101
12013||55.87|20250101
12014||71.81|20250101
12015||90.59|20250101
12016||122.72|20250101
12020||197.92|20250101
12021||147.87|20250101
12031||160.59|20250101
12032||202.24|20250101
12034||215.07|20250101
12035||250.73|20250101
12036||290.51|20250101
12037||335.16|20250101
12041||153.06|20250101
12042||206.3|20250101
12044||223.89|20250101
12045||284.53|20250101
12046||328.12|20250101
12047||361.86|20250101
12051||178.33|20250101
12052||209.76|20250101
12053||225.54|20250101
12054||227.15|20250101
12055||310.87|20250101
12056||401.64|20250101
12057||436.41|20250101
13100||209.18|20250101
13101||257.99|20250101
13102||72.15|20250101
13120||241.9|20250101
13121||267.82|20250101
13122||82.82|20250101
13131||251.37|20250101
13132||312.95|20250101
13133||126.79|20250101
13151||288.02|20250101
13152||345.68|20250101
13153||138.26|20250101
14000||535.63|20250101
14001||685.45|20250101
14020||604.17|20250101
14021||749.01|20250101
14040||660.45|20250101
14041||804.18|20250101
14060||703.76|20250101
14061||863.2|20250101
14301||904.79|20250101
15002||222.83|20250101
15003||43.91|20250101
15004||264.76|20250101
15005||88.58|20250101
15040||128.71|20250101
15050||488.66|20250101
15100||746.29|20250101
15101||111.21|20250101
15110||733.41|20250101
15111||99.92|20250101
15115||723.03|20250101
15116||135.71|20250101
15120||719.22|20250101
15121||133.0|20250101
15130||632.54|20250101
15131||90.5|20250101
15135||793.22|20250101
15136||90.5|20250101
15150||652.4|20250101
15151||105.81|20250101
15152||144.05|20250101
15155||761.83|20250101
15156||146.01|20250101
15157||159.02|20250101
15200||706.2|20250101
15201||76.24|20250101
15220||645.13|20250101
15221||69.17|20250101
15240||844.7|20250101
15241||107.63|20250101
15260||895.98|20250101
15261||137.21|20250101
15271||85.2|20250101
15272||16.77|20250101
15273||192.94|20250101
15274||43.31|20250101
15275||94.75|20250101
15276||24.75|20250101
15277||222.7|20250101
15278||55.21|20250101
15570||758.01|20250101
15572||772.49|20250101
15574||755.52|20250101
15576||683.79|20250101
15600||229.69|20250101
15610||265.73|20250101
15620||352.14|20250101
15630||370.29|20250101
15650||432.24|20250101
15730||955.51|20250101
15731||1041.4|20250101
15740||884.44|20250101
15760||734.53|20250101
15771||541.64|20250101
15772||150.09|20250101
15773||529.85|20250101
15774||145.36|20250101
15775||261.82|20250101
15776||356.92|20250101
15780||708.73|20250101
15781||449.51|20250101
15782||399.68|20250101
15783||384.15|20250101
15786||141.95|20250101
15787||17.32|20250101
15788||237.6|20250101
15789||443.79|20250101
15792||231.67|20250101
15793||388.38|20250101
15820||550.38|20250101
15821||585.04|20250101
15822||425.04|20250101
15823||585.71|20250101
15837||755.97|20250101
15839||772.5|20250101
15851||67.56|20250101
16000||45.32|20250101
16020||58.83|20250101
16025||113.98|20250101
16030||134.41|20250101
17000||59.56|20250101
17003||2.09|20250101
17004||104.32|20250101
17106||294.74|20250101
17107||385.18|20250101
17108||556.63|20250101
17110||75.39|20250101
17111||90.93|20250101
17250||39.5|20250101
17260||75.29|20250101
17261||93.35|20250101
17262||116.78|20250101
17263||128.76|20250101
17264||137.81|20250101
17266||160.73|20250101
17270||102.03|20250101
17271||111.49|20250101
17272||127.71|20250101
17273||144.14|20250101
17274||175.78|20250101
17276||210.34|20250101
17280||92.97|20250101
17281||124.91|20250101
17282||143.43|20250101
17283||178.21|20250101
17284||207.49|20250101
17286||282.04|20250101
17311||363.12|20250101
17312||193.42|20250101
17313||325.9|20250101
17314||178.66|20250101
17315||50.84|20250101
17340||51.35|20250101
17360||97.74|20250101
19000||42.27|20250101
19001||20.52|20250101
19020||330.67|20250101
19030||75.36|20250101
19081||162.05|20250101
19082||81.09|20250101
19083||152.44|20250101
19084||76.62|20250101
19085||178.65|20250101
19086||89.03|20250101
19100||67.01|20250101
19101||229.66|20250101
19105||206.54|20250101
19110||371.07|20250101
19112||343.38|20250101
19120||433.08|20250101
19125||476.88|20250101
19281||97.89|20250101
19282||49.03|20250101
19283||98.52|20250101
19284||49.07|20250101
19285||83.51|20250101
19286||41.76|20250101
19287||124.85|20250101
19288||62.99|20250101
19296||208.09|20250101
19298||331.81|20250101
19300||457.74|20250101
19350||708.93|20250101
19355||648.52|20250101
19396||147.19|20250101
20101||211.71|20250101
20102||259.79|20250101
20103||354.4|20250101
20200||97.02|20250101
20205||156.14|20250101
20206||58.69|20250101
20220||87.98|20250101
20225||130.58|20250101
20500||95.59|20250101
20501||36.05|20250101
20520||157.94|20250101
20525||260.13|20250101
20526||57.91|20250101
20527||67.97|20250101
20550||39.24|20250101
20551||38.82|20250101
20552||37.15|20250101
20553||42.26|20250101
20560||15.25|20250101
20561||23.07|20250101
20600||36.22|20250101
20604||46.6|20250101
20605||37.26|20250101
20606||52.38|20250101
20610||45.79|20250101
20611||59.39|20250101
20612||42.17|20250101
20615||168.38|20250101
20650||178.57|20250101
20665||106.21|20250101
20670||155.23|20250101
20680||441.81|20250101
20694||368.38|20250101
20900||183.56|20250101
20922||520.2|20250101
20950||92.58|20250101
20974||54.18|20250101
20979||31.23|20250101
20982||363.63|20250101
20983||341.22|20250101
21011||282.59|20250101
21013||424.12|20250101
21025||706.68|20250101
21026||469.88|20250101
21029||664.31|20250101
21030||388.15|20250101
21031||293.85|20250101
21032||282.21|20250101
21034||1167.52|20250101
21040||389.68|20250101
21073||262.51|20250101
21076||735.26|20250101
21077||1796.74|20250101
21079||1214.44|20250101
21080||1365.73|20250101
21081||1252.24|20250101
21082||1163.51|20250101
21083||1074.32|20250101
21084||1240.36|20250101
21085||502.09|20250101
21086||1325.06|20250101
21087||1325.06|20250101
21100||388.26|20250101
21110||770.49|20250101
21116||45.19|20250101
21120||544.5|20250101
21121||566.36|20250101
21125||706.91|20250101
21127||816.4|20250101
21208||782.36|20250101
21209||644.49|20250101
21210||807.47|20250101
21215||839.41|20250101
21235||606.95|20250101
21245||999.19|20250101
21248||837.36|20250101
21249||1163.65|20250101
21270||782.24|20250101
21315||61.63|20250101
21320||97.41|20250101
21337||327.03|20250101
21345||676.27|20250101
21355||348.84|20250101
21356||430.23|20250101
21400||188.84|20250101
21401||357.8|20250101
21421||593.34|20250101
21440||663.97|20250101
21445||676.0|20250101
21450||527.91|20250101
21451||699.78|20250101
21452||501.8|20250101
21453||1006.51|20250101
21461||1127.1|20250101
21462||1248.49|20250101
21480||31.02|20250101
21485||852.65|20250101
21497||646.42|20250101
21501||362.11|20250101
21550||164.35|20250101
21555||326.42|20250101
21820||168.51|20250101
21920||163.28|20250101
21925||403.55|20250101
21930||384.06|20250101
22310||320.51|20250101
22315||824.96|20250101
22510||434.83|20250101
22511||410.57|20250101
22512||203.19|20250101
22513||512.44|20250101
22514||479.42|20250101
22515||213.88|20250101
22902||351.67|20250101
23000||386.24|20250101
23030||268.98|20250101
23031||237.97|20250101
23065||167.12|20250101
23066||401.2|20250101
23075||350.17|20250101
23330||181.09|20250101
23350||49.83|20250101
23500||260.03|20250101
23505||371.04|20250101
23520||271.52|20250101
23525||406.45|20250101
23540||266.19|20250101
23545||362.03|20250101
23570||275.76|20250101
23575||421.0|20250101
23600||358.63|20250101
23605||467.43|20250101
23620||294.14|20250101
23625||385.4|20250101
23650||333.59|20250101
23665||440.61|20250101
23675||542.83|20250101
23930||226.91|20250101
23931||173.67|20250101
24065||173.23|20250101
24066||454.15|20250101
24075||351.72|20250101
24200||153.12|20250101
24201||433.94|20250101
24220||66.49|20250101
24500||375.62|20250101
24505||494.01|20250101
24530||392.86|20250101
24535||621.05|20250101
24560||331.94|20250101
24565||542.87|20250101
24576||354.33|20250101
24577||556.57|20250101
24600||375.0|20250101
24640||83.73|20250101
24650||281.16|20250101
24655||447.45|20250101
24670||302.48|20250101
24675||457.57|20250101
25065||167.94|20250101
25075||339.22|20250101
25246||72.71|20250101
25500||292.74|20250101
25505||505.02|20250101
25520||595.22|20250101
25530||278.76|20250101
25535||501.7|20250101
25560||294.15|20250101
25565||504.25|20250101
25600||371.88|20250101
25605||555.98|20250101
25622||322.25|20250101
25624||495.4|20250101
25630||320.38|20250101
25635||470.11|20250101
25650||343.55|20250101
25675||455.45|20250101
26010||152.03|20250101
26011||198.75|20250101
26055||322.1|20250101
26115||362.44|20250101
26160||347.05|20250101
26341||84.08|20250101
26600||328.33|20250101
26605||334.37|20250101
26641||425.68|20250101
26645||435.79|20250101
26670||348.85|20250101
26675||466.22|20250101
26700||347.07|20250101
26705||439.79|20250101
26720||216.55|20250101
26725||339.3|20250101
26740||252.55|20250101
26742||370.36|20250101
26750||218.09|20250101
26755||306.64|20250101
26770||293.06|20250101
26775||395.45|20250101
26991||553.88|20250101
27040||208.8|20250101
27047||379.2|20250101
27086||182.14|20250101
27093||68.32|20250101
27095||81.97|20250101
27096||85.57|20250101
27200||215.81|20250101
27220||439.92|20250101
27230||517.46|20250101
27246||419.33|20250101
27256||242.12|20250101
27278||495.85|20250101
27301||538.67|20250101
27323||186.66|20250101
27327||335.29|20250101
27369||40.29|20250101
27372||427.33|20250101
27500||514.02|20250101
27501||533.61|20250101
27508||538.98|20250101
27516||531.93|20250101
27520||338.91|20250101
27530||328.11|20250101
27532||622.03|20250101
27538||495.17|20250101
27550||508.68|20250101
27560||375.45|20250101
27603||411.19|20250101
27604||351.53|20250101
27605||193.32|20250101
27613||171.32|20250101
27614||437.42|20250101
27618||325.57|20250101
27630||384.77|20250101
27648||51.47|20250101
27656||362.75|20250101
27685||496.38|20250101
27750||361.25|20250101
27752||527.95|20250101
27760||346.43|20250101
27762||476.0|20250101
27767||331.57|20250101
27780||321.7|20250101
27781||445.06|20250101
27786||321.08|20250101
27788||421.84|20250101
27808||344.66|20250101
27810||465.8|20250101
27816||329.96|20250101
27818||477.09|20250101
27824||341.23|20250101
27825||529.58|20250101
27830||400.27|20250101
28001||97.3|20250101
28002||142.8|20250101
28003||258.92|20250101
28008||313.86|20250101
28010||225.13|20250101
28011||299.87|20250101
28020||385.19|20250101
28022||349.67|20250101
28024||332.52|20250101
28035||386.07|20250101
28039||353.78|20250101
28043||277.39|20250101
28045||370.73|20250101
28050||297.71|20250101
28052||272.31|20250101
28054||251.42|20250101
28060||382.97|20250101
28062||431.25|20250101
28070||367.88|20250101
28072||347.69|20250101
28080||413.91|20250101
28086||370.56|20250101
28088||316.72|20250101
28090||330.07|20250101
28092||293.61|20250101
28100||447.23|20250101
28104||379.54|20250101
28107||367.49|20250101
28108||309.93|20250101
28110||316.41|20250101
28111||336.46|20250101
28112||334.85|20250101
28113||459.55|20250101
28114||890.62|20250101
28116||547.5|20250101
28118||451.45|20250101
28119||387.68|20250101
28120||525.03|20250101
28122||466.6|20250101
28124||358.96|20250101
28126||266.77|20250101
28140||441.46|20250101
28150||298.29|20250101
28153||282.89|20250101
28160||286.77|20250101
28190||140.18|20250101
28192||330.99|20250101
28193||386.01|20250101
28200||349.29|20250101
28202||455.07|20250101
28208||342.81|20250101
28210||444.72|20250101
28220||324.45|20250101
28222||391.55|20250101
28225||285.19|20250101
28226||432.14|20250101
28230||304.52|20250101
28232||258.65|20250101
28234||293.43|20250101
28238||509.54|20250101
28240||313.17|20250101
28250||438.83|20250101
28260||565.03|20250101
28261||889.35|20250101
28262||1155.28|20250101
28264||720.22|20250101
28270||358.2|20250101
28272||268.05|20250101
28280||361.57|20250101
28285||415.73|20250101
28286||314.58|20250101
28288||466.97|20250101
28289||491.33|20250101
28291||502.34|20250101
28292||518.29|20250101
28295||634.53|20250101
28296||545.67|20250101
28297||631.82|20250101
28298||536.36|20250101
28299||630.04|20250101
28304||647.06|20250101
28306||431.41|20250101
28307||554.66|20250101
28308||415.2|20250101
28310||389.66|20250101
28312||380.99|20250101
28313||388.64|20250101
28315||347.73|20250101
28322||608.9|20250101
28340||428.93|20250101
28341||508.26|20250101
28344||298.04|20250101
28345||382.92|20250101
28400||257.97|20250101
28405||445.81|20250101
28430||235.85|20250101
28435||364.54|20250101
28450||214.47|20250101
28455||250.55|20250101
28470||230.92|20250101
28475||251.39|20250101
28490||141.69|20250101
28495||168.22|20250101
28496||305.42|20250101
28505||526.25|20250101
28515||160.76|20250101
28525||431.54|20250101
28530||116.49|20250101
28531||196.86|20250101
28540||195.82|20250101
28545||304.85|20250101
28546||391.44|20250101
28555||685.24|20250101
28570||224.45|20250101
28575||378.36|20250101
28585||751.92|20250101
28600||208.57|20250101
28605||343.88|20250101
28630||116.57|20250101
28635||139.5|20250101
28636||239.6|20250101
28645||516.39|20250101
28660||100.13|20250101
28665||134.01|20250101
28675||443.34|20250101
28740||648.24|20250101
28750||606.69|20250101
28755||358.99|20250101
28760||600.5|20250101
28820||179.25|20250101
28825||174.95|20250101
28890||236.72|20250101
29000||206.34|20250101
29010||170.41|20250101
29015||190.38|20250101
29035||153.61|20250101
29040||184.42|20250101
29044||178.35|20250101
29046||199.57|20250101
29049||74.27|20250101
29055||146.29|20250101
29058||98.52|20250101
29065||72.42|20250101
29075||67.19|20250101
29085||72.04|20250101
29086||53.39|20250101
29105||41.02|20250101
29125||43.15|20250101
29126||52.61|20250101
29130||29.38|20250101
29131||36.01|20250101
29200||18.13|20250101
29240||18.13|20250101
29260||18.93|20250101
29280||19.91|20250101
29305||168.44|20250101
29325||188.34|20250101
29345||103.81|20250101
29355||110.25|20250101
29358||107.9|20250101
29365||91.84|20250101
29405||62.2|20250101
29425||57.36|20250101
29435||90.9|20250101
29440||28.18|20250101
29445||100.75|20250101
29450||114.4|20250101
29505||55.87|20250101
29515||52.39|20250101
29520||18.72|20250101
29530||18.34|20250101
29540||17.4|20250101
29550||11.01|20250101
29580||26.02|20250101
29581||27.01|20250101
29584||16.04|20250101
29700||33.65|20250101
29705||45.94|20250101
29710||83.66|20250101
29720||44.86|20250101
29730||45.23|20250101
29740||69.74|20250101
29750||78.08|20250101
29870||444.54|20250101
29893||473.12|20250101
30000||130.66|20250101
30020||131.22|20250101
30100||72.58|20250101
30110||142.32|20250101
30117||443.47|20250101
30120||446.37|20250101
30140||182.68|20250101
30200||64.0|20250101
30210||111.66|20250101
30220||137.38|20250101
30300||131.76|20250101
30468||173.67|20250101
30469||153.99|20250101
30560||163.63|20250101
30580||490.86|20250101
30600||411.08|20250101
30801||164.04|20250101
30802||215.57|20250101
30901||55.99|20250101
30903||76.31|20250101
30905||105.87|20250101
30906||131.69|20250101
31000||119.73|20250101
31020||375.76|20250101
31030||552.68|20250101
31231||65.51|20250101
31233||139.13|20250101
31235||164.71|20250101
31237||164.91|20250101
31238||171.85|20250101
31242||160.57|20250101
31243||160.57|20250101
31254||246.39|20250101
31295||160.96|20250101
31296||183.19|20250101
31297||146.72|20250101
31298||258.49|20250101
31505||53.1|20250101
31510||125.48|20250101
31511||138.08|20250101
31512||133.35|20250101
31515||114.4|20250101
31525||163.99|20250101
31570||232.79|20250101
31572||184.93|20250101
31573||152.69|20250101
31574||153.28|20250101
31575||72.62|20250101
31576||123.72|20250101
31577||137.03|20250101
31578||153.28|20250101
31579||124.29|20250101
31612||48.28|20250101
31615||119.52|20250101
31622||131.4|20250101
31623||131.16|20250101
31624||133.28|20250101
31625||154.47|20250101
31626||195.36|20250101
31627||94.31|20250101
31628||174.05|20250101
31629||184.84|20250101
31632||47.73|20250101
31633||61.85|20250101
31634||186.79|20250101
31635||173.89|20250101
31645||146.25|20250101
31652||217.91|20250101
31653||241.13|20250101
31654||65.65|20250101
31717||105.49|20250101
31730||145.48|20250101
31820||348.71|20250101
31825||508.54|20250101
31830||391.08|20250101
32400||82.65|20250101
32408||149.74|20250101
32550||201.51|20250101
32552||159.66|20250101
32553||174.42|20250101
32554||87.02|20250101
32555||107.69|20250101
32556||121.97|20250101
32557||146.77|20250101
32560||73.94|20250101
32561||66.34|20250101
32562||59.2|20250101
32960||90.84|20250101
32994||431.21|20250101
32998||430.83|20250101
33285||84.93|20250101
33286||83.34|20250101
36002||102.53|20250101
36005||45.99|20250101
36010||103.14|20250101
36011||150.36|20250101
36012||168.54|20250101
36013||122.76|20250101
36014||146.73|20250101
36015||167.92|20250101
36100||144.22|20250101
36140||84.36|20250101
36160||119.32|20250101
36200||131.98|20250101
36215||208.29|20250101
36216||261.54|20250101
36217||323.76|20250101
36218||50.57|20250101
36221||189.74|20250101
36222||274.16|20250101
36223||318.56|20250101
36224||357.5|20250101
36225||315.92|20250101
36226||354.96|20250101
36227||116.68|20250101
36228||240.73|20250101
36245||227.29|20250101
36246||239.36|20250101
36247||285.59|20250101
36248||46.97|20250101
36251||244.08|20250101
36252||340.35|20250101
36253||344.35|20250101
36254||397.89|20250101
36400||18.6|20250101
36405||14.92|20250101
36406||8.86|20250101
36410||9.07|20250101
36465||115.09|20250101
36466||145.49|20250101
36470||37.06|20250101
36471||72.72|20250101
36473||173.58|20250101
36474||85.94|20250101
36475||265.54|20250101
36476||126.95|20250101
36478||267.69|20250101
36479||129.93|20250101
36481||317.9|20250101
36482||172.05|20250101
36483||84.28|20250101
36510||52.57|20250101
36514||94.05|20250101
36516||85.8|20250101
36522||97.97|20250101
36555||82.73|20250101
36556||82.61|20250101
36557||323.9|20250101
36558||259.73|20250101
36560||384.62|20250101
36561||331.3|20250101
36563||361.04|20250101
36565||332.89|20250101
36566||354.19|20250101
36570||335.1|20250101
36571||312.89|20250101
36572||78.81|20250101
36573||82.58|20250101
36575||33.28|20250101
36576||183.52|20250101
36578||201.66|20250101
36580||63.68|20250101
36581||183.6|20250101
36582||286.57|20250101
36583||331.8|20250101
36584||58.25|20250101
36585||307.63|20250101
36589||137.93|20250101
36590||191.34|20250101
36595||178.12|20250101
36596||46.17|20250101
36597||59.22|20250101
36598||35.01|20250101
36600||14.87|20250101
36836||346.32|20250101
36837||444.85|20250101
36860||106.53|20250101
36901||163.02|20250101
36902||231.5|20250101
36903||302.81|20250101
36904||354.72|20250101
36905||428.16|20250101
36906||491.82|20250101
36907||141.05|20250101
36908||198.47|20250101
36909||191.96|20250101
37183||364.62|20250101
37184||414.05|20250101
37185||155.16|20250101
37186||231.45|20250101
37187||379.84|20250101
37188||272.25|20250101
37191||213.71|20250101
37192||319.93|20250101
37193||334.24|20250101
37197||289.03|20250101
37220||376.67|20250101
37221||462.34|20250101
37222||174.35|20250101
37223||198.04|20250101
37224||417.42|20250101
37225||563.1|20250101
37226||486.86|20250101
37227||673.55|20250101
37228||508.12|20250101
37229||655.18|20250101
37230||655.38|20250101
37231||703.8|20250101
37232||187.52|20250101
37233||304.97|20250101
37234||266.27|20250101
37235||357.31|20250101
37236||415.39|20250101
37237||198.17|20250101
37238||292.65|20250101
37239||143.73|20250101
37241||411.44|20250101
37242||455.93|20250101
37243||546.6|20250101
37244||643.03|20250101
37246||331.7|20250101
37247||166.16|20250101
37248||286.19|20250101
37249||139.79|20250101
37252||84.54|20250101
37253||67.46|20250101
37609||206.92|20250101
37765||261.81|20250101
37766||321.73|20250101
37785||250.69|20250101
38220||69.1|20250101
38221||70.99|20250101
38222||75.4|20250101
38228||182.98|20250101
38300||223.36|20250101
38500||261.41|20250101
38505||86.75|20250101
38510||427.81|20250101
38792||31.85|20250101
40490||71.16|20250101
40500||398.23|20250101
40510||370.93|20250101
40520||381.32|20250101
40530||428.71|20250101
40650||340.4|20250101
40652||388.62|20250101
40654||456.15|20250101
40800||131.19|20250101
40801||216.01|20250101
40804||127.85|20250101
40805||213.46|20250101
40806||32.56|20250101
40808||96.9|20250101
40810||132.31|20250101
40812||194.51|20250101
40814||305.65|20250101
40816||325.62|20250101
40818||285.9|20250101
40819||217.87|20250101
40820||180.8|20250101
40830||157.43|20250101
40831||217.29|20250101
40840||659.52|20250101
40842||642.91|20250101
40843||905.17|20250101
40844||1229.69|20250101
40845||1249.15|20250101
41000||114.76|20250101
41005||127.76|20250101
41006||249.26|20250101
41007||238.97|20250101
41008||279.91|20250101
41009||307.65|20250101
41010||118.65|20250101
41015||322.7|20250101
41016||370.93|20250101
41017||368.04|20250101
41018||428.48|20250101
41100||114.44|20250101
41105||117.63|20250101
41108||98.42|20250101
41110||138.47|20250101
41112||262.01|20250101
41113||283.09|20250101
41115||155.74|20250101
41116||233.14|20250101
41250||162.42|20250101
41251||192.76|20250101
41252||218.11|20250101
41520||270.75|20250101
41530||408.32|20250101
41800||173.82|20250101
41805||213.7|20250101
41806||296.71|20250101
41822||216.54|20250101
41823||399.47|20250101
41825||131.67|20250101
41826||210.76|20250101
41827||311.8|20250101
41828||233.13|20250101
41830||335.16|20250101
41872||332.65|20250101
41874||267.32|20250101
42000||117.44|20250101
42100||118.53|20250101
42104||144.52|20250101
42106||172.07|20250101
42107||346.52|20250101
42140||177.8|20250101
42160||149.07|20250101
42180||198.63|20250101
42182||269.95|20250101
42260||699.6|20250101
42280||114.68|20250101
42281||173.83|20250101
42300||166.89|20250101
42310||146.34|20250101
42320||190.34|20250101
42330||175.46|20250101
42335||282.12|20250101
42340||365.91|20250101
42400||55.68|20250101
42405||238.26|20250101
42408||374.29|20250101
42409||250.28|20250101
42450||388.81|20250101
42500||369.23|20250101
42505||484.66|20250101
42550||61.61|20250101
42600||377.88|20250101
42650||63.29|20250101
42660||82.96|20250101
42665||234.78|20250101
42700||145.68|20250101
42720||398.27|20250101
42800||126.07|20250101
42804||133.08|20250101
42806||152.31|20250101
42808||176.05|20250101
42809||131.74|20250101
42810||304.47|20250101
43197||82.07|20250101
43198||98.57|20250101
43200||89.43|20250101
43201||105.55|20250101
43202||104.57|20250101
43206||135.26|20250101
43213||258.88|20250101
43215||142.38|20250101
43216||135.8|20250101
43217||161.69|20250101
43220||120.1|20250101
43226||131.7|20250101
43227||166.25|20250101
43229||197.41|20250101
43235||124.41|20250101
43236||139.76|20250101
43239||139.76|20250101
43245||176.78|20250101
43247||177.45|20250101
43248||167.3|20250101
43249||154.7|20250101
43250||170.97|20250101
43251||196.92|20250101
43252||169.34|20250101
43255||201.61|20250101
43270||225.5|20250101
43290||178.45|20250101
43291||162.36|20250101
43450||81.82|20250101
43453||88.85|20250101
43754||40.38|20250101
43755||62.04|20250101
43756||52.49|20250101
43757||78.86|20250101
43761||101.8|20250101
43762||36.47|20250101
43763||88.66|20250101
44380||59.72|20250101
44381||86.11|20250101
44382||76.04|20250101
44385||74.19|20250101
44386||90.69|20250101
44388||156.9|20250101
44388|53|78.64|20250101
44389||172.59|20250101
44390||211.7|20250101
44391||230.51|20250101
44392||199.05|20250101
44394||225.48|20250101
44401||242.78|20250101
44404||172.59|20250101
44405||184.67|20250101
45005||176.89|20250101
45300||49.57|20250101
45303||87.07|20250101
45305||74.9|20250101
45307||101.32|20250101
45308||85.51|20250101
45309||90.78|20250101
45315||106.63|20250101
45317||112.4|20250101
45320||105.96|20250101
45330||58.93|20250101
45331||74.49|20250101
45332||106.88|20250101
45333||95.7|20250101
45334||119.26|20250101
45335||69.26|20250101
45338||121.93|20250101
45340||79.68|20250101
45346||161.47|20250101
45350||102.48|20250101
45378||185.74|20250101
45378|53|93.17|20250101
45379||239.09|20250101
45380||201.9|20250101
45381||201.9|20250101
45382||259.43|20250101
45384||227.55|20250101
45385||254.53|20250101
45386||212.94|20250101
45388||270.12|20250101
45398||234.54|20250101
45520||42.86|20250101
45915||240.19|20250101
46030||88.61|20250101
46040||452.69|20250101
46050||108.2|20250101
46080||162.27|20250101
46083||116.39|20250101
46200||367.88|20250101
46220||128.42|20250101
46221||207.21|20250101
46230||180.69|20250101
46250||337.78|20250101
46255||372.56|20250101
46270||428.99|20250101
46275||450.31|20250101
46285||452.51|20250101
46320||118.49|20250101
46500||200.42|20250101
46505||263.08|20250101
46600||43.66|20250101
46601||95.79|20250101
46604||67.78|20250101
46606||77.54|20250101
46607||125.8|20250101
46608||85.51|20250101
46610||82.15|20250101
46611||82.39|20250101
46612||96.26|20250101
46614||66.79|20250101
46615||92.85|20250101
46754||260.23|20250101
46900||146.37|20250101
46910||141.82|20250101
46916||151.23|20250101
46917||135.31|20250101
46922||144.82|20250101
46924||190.32|20250101
46930||166.57|20250101
46940||149.82|20250101
46942||135.05|20250101
47000||87.98|20250101
47382||728.48|20250101
47383||450.25|20250101
47531||70.75|20250101
47532||207.62|20250101
47533||258.24|20250101
47534||361.08|20250101
47535||192.36|20250101
47536||130.4|20250101
47537||95.85|20250101
47538||230.16|20250101
47539||413.08|20250101
47540||427.9|20250101
47541||328.76|20250101
47542||132.07|20250101
47543||139.34|20250101
47544||152.2|20250101
48102||234.41|20250101
49082||74.02|20250101
49083||106.94|20250101
49180||81.66|20250101
49185||118.71|20250101
49400||89.01|20250101
49405||191.68|20250101
49406||191.3|20250101
49407||202.26|20250101
49411||187.63|20250101
49418||198.85|20250101
49423||69.04|20250101
49424||36.65|20250101
49436||190.48|20250101
49440||202.79|20250101
49441||239.67|20250101
49442||209.68|20250101
49446||143.32|20250101
49450||64.58|20250101
49451||86.71|20250101
49452||133.55|20250101
49460||50.29|20250101
49465||30.05|20250101
50200||127.07|20250101
50382||246.1|20250101
50384||222.33|20250101
50385||214.64|20250101
50386||163.18|20250101
50387||81.38|20250101
50389||52.64|20250101
50391||97.06|20250101
50430||153.84|20250101
50431||67.94|20250101
50432||202.78|20250101
50433||251.42|20250101
50434||188.92|20250101
50435||100.16|20250101
50551||293.76|20250101
50553||313.67|20250101
50555||340.76|20250101
50557||344.89|20250101
50561||392.79|20250101
50590||590.34|20250101
50592||342.42|20250101
50593||456.56|20250101
50606||134.51|20250101
50684||52.93|20250101
50686||91.02|20250101
50690||72.61|20250101
50693||201.84|20250101
50694||263.25|20250101
50695||336.98|20250101
50705||171.83|20250101
50706||176.42|20250101
50951||306.39|20250101
50953||326.46|20250101
50955||351.54|20250101
50957||353.25|20250101
50961||314.89|20250101
51100||38.71|20250101
51101||50.75|20250101
51102||142.4|20250101
51600||43.13|20250101
51610||67.05|20250101
51700||29.81|20250101
51701||25.13|20250101
51702||24.92|20250101
51703||76.47|20250101
51705||53.44|20250101
51710||82.23|20250101
51715||199.96|20250101
51720||43.65|20250101
51721||218.41|20250101
52000||80.59|20250101
52001||286.83|20250101
52005||135.27|20250101
52007||167.75|20250101
52010||167.16|20250101
52204||142.78|20250101
52214||173.81|20250101
52224||200.81|20250101
52265||163.39|20250101
52270||183.11|20250101
52275||248.99|20250101
52281||153.91|20250101
52283||203.16|20250101
52284||165.43|20250101
52285||197.73|20250101
52287||169.38|20250101
52310||152.67|20250101
52315||274.24|20250101
52317||345.19|20250101
52330||262.82|20250101
52332||157.21|20250101
52441||209.86|20250101
52442||50.42|20250101
52647||669.82|20250101
52648||711.23|20250101
53060||170.99|20250101
53200||143.84|20250101
53260||187.46|20250101
53265||194.91|20250101
53270||192.01|20250101
53600||64.19|20250101
53601||54.01|20250101
53620||87.82|20250101
53621||72.28|20250101
53660||42.47|20250101
53661||40.89|20250101
53850||374.94|20250101
53852||400.02|20250101
53854||400.02|20250101
53855||81.22|20250101
53860||229.15|20250101
53865||165.43|20250101
53866||83.52|20250101
54000||118.21|20250101
54001||147.2|20250101
54050||115.83|20250101
54055||103.96|20250101
54056||122.5|20250101
54057||102.81|20250101
54060||139.26|20250101
54065||184.47|20250101
54100||127.17|20250101
54105||220.5|20250101
54115||445.58|20250101
54150||96.04|20250101
54160||149.38|20250101
54162||208.15|20250101
54200||94.33|20250101
54220||135.21|20250101
54230||82.66|20250101
54231||118.68|20250101
54235||76.92|20250101
54450||57.17|20250101
55000||87.01|20250101
55100||176.9|20250101
55200||290.01|20250101
55250||243.48|20250101
55700||130.02|20250101
55870||143.6|20250101
55873||783.21|20250101
55874||167.34|20250101
55876||105.77|20250101
55881||487.25|20250101
55882||600.61|20250101
56405||135.11|20250101
56420||115.6|20250101
56441||163.66|20250101
56501||142.44|20250101
56515||221.42|20250101
56605||59.22|20250101
56606||28.74|20250101
56820||85.07|20250101
56821||114.05|20250101
57020||78.77|20250101
57061||123.33|20250101
57065||193.59|20250101
57100||65.85|20250101
57105||155.48|20250101
57130||180.41|20250101
57135||195.93|20250101
57150||25.34|20250101
57155||296.59|20250101
57156||158.37|20250101
57160||45.71|20250101
57170||46.96|20250101
57180||126.57|20250101
57420||90.93|20250101
57421||122.55|20250101
57452||93.1|20250101
57454||135.29|20250101
57455||109.17|20250101
57456||100.79|20250101
57460||161.26|20250101
57461||183.06|20250101
57465||42.29|20250101
57500||77.33|20250101
57505||116.79|20250101
57510||115.29|20250101
57511||154.7|20250101
57513||153.94|20250101
57520||311.26|20250101
57522||266.66|20250101
57558||134.54|20250101
57800||49.34|20250101
58100||62.74|20250101
58110||40.15|20250101
58120||241.22|20250101
58301||65.7|20250101
58321||47.68|20250101
58322||56.75|20250101
58323||11.92|20250101
58340||59.92|20250101
58350||100.75|20250101
58353||237.34|20250101
58356||353.51|20250101
58555||153.33|20250101
58558||232.17|20250101
58562||222.03|20250101
58563||246.2|20250101
58565||470.46|20250101
58580||410.67|20250101
58800||328.77|20250101
58970||197.19|20250101
58976||212.37|20250101
59000||79.29|20250101
59015||128.24|20250101
59070||300.75|20250101
59074||300.75|20250101
59160||188.67|20250101
59200||65.18|20250101
59300||145.27|20250101
59425||422.13|20250101
59426||774.0|20250101
59430||173.95|20250101
59812||311.41|20250101
59820||398.98|20250101
59821||386.01|20250101
59840||225.61|20250101
59841||374.11|20250101
60000||171.37|20250101
60100||75.81|20250101
60300||48.46|20250101
60660||316.39|20250101
60661||217.26|20250101
62263||340.24|20250101
62264||250.72|20250101
62267||155.03|20250101
62270||62.84|20250101
62272||90.9|20250101
62273||115.19|20250101
62280||166.27|20250101
62281||162.04|20250101
62282||147.57|20250101
62284||83.94|20250101
62290||159.03|20250101
62291||143.72|20250101
62302||119.84|20250101
62303||119.84|20250101
62304||118.13|20250101
62305||123.19|20250101
62320||99.82|20250101
62321||109.83|20250101
62322||78.92|20250101
62323||101.58|20250101
62324||89.82|20250101
62325||110.09|20250101
62326||85.79|20250101
62327||108.98|20250101
62328||85.27|20250101
62329||103.71|20250101
62367||24.64|20250101
62368||34.42|20250101
62369||34.81|20250101
62370||46.13|20250101
63650||427.14|20250101
63661||339.86|20250101
63663||461.02|20250101
64400||52.65|20250101
64405||52.28|20250101
64408||46.17|20250101
64415||69.74|20250101
64417||64.96|20250101
64418||55.7|20250101
64420||59.8|20250101
64421||24.71|20250101
64425||55.57|20250101
64430||55.82|20250101
64435||44.08|20250101
64445||72.84|20250101
64447||63.66|20250101
64450||42.44|20250101
64451||83.83|20250101
64454||84.22|20250101
64455||33.21|20250101
64461||76.75|20250101
64462||47.76|20250101
64463||80.2|20250101
64466||65.18|20250101
64467||75.27|20250101
64468||72.57|20250101
64469||79.03|20250101
64473||58.31|20250101
64474||72.57|20250101
64479||134.76|20250101
64480||62.25|20250101
64483||115.02|20250101
64484||51.33|20250101
64486||51.5|20250101
64487||58.82|20250101
64488||59.53|20250101
64489||74.08|20250101
64490||108.75|20250101
64491||59.99|20250101
64492||60.54|20250101
64493||93.99|20250101
64494||51.36|20250101
64495||52.09|20250101
64505||109.22|20250101
64510||79.37|20250101
64517||130.8|20250101
64520||88.49|20250101
64530||97.9|20250101
64553||453.36|20250101
64555||335.3|20250101
64561||307.82|20250101
64566||29.81|20250101
64585||150.75|20250101
64590||301.3|20250101
64595||236.85|20250101
64600||246.78|20250101
64605||429.01|20250101
64610||483.36|20250101
64611||119.31|20250101
64612||125.61|20250101
64615||121.73|20250101
64616||110.71|20250101
64617||110.28|20250101
64620||185.17|20250101
64624||152.1|20250101
64625||202.87|20250101
64630||198.61|20250101
64632||70.1|20250101
64633||198.77|20250101
64634||67.59|20250101
64635||198.94|20250101
64636||59.39|20250101
64640||124.85|20250101
64642||108.51|20250101
64643||69.44|20250101
64644||117.8|20250101
64645||80.63|20250101
64646||116.95|20250101
64647||132.5|20250101
64650||41.06|20250101
64653||51.54|20250101
64680||167.38|20250101
64681||228.56|20250101
64721||473.93|20250101
65125||315.83|20250101
65205||29.9|20250101
65210||37.33|20250101
65220||41.7|20250101
65222||51.68|20250101
65270||146.91|20250101
65272||370.64|20250101
65275||482.17|20250101
65286||518.91|20250101
65400||639.23|20250101
65410||107.39|20250101
65420||406.33|20250101
65426||507.28|20250101
65430||106.03|20250101
65435||73.51|20250101
65436||390.88|20250101
65450||348.74|20250101
65600||363.69|20250101
65772||429.69|20250101
65778||44.79|20250101
65779||107.92|20250101
65785||471.49|20250101
65800||91.4|20250101
65815||504.47|20250101
65855||213.85|20250101
65860||259.74|20250101
66020||139.44|20250101
66030||118.72|20250101
66130||590.73|20250101
66250||586.46|20250101
66700||412.43|20250101
66710||412.43|20250101
66720||438.31|20250101
66740||412.43|20250101
66761||248.29|20250101
66762||449.34|20250101
66770||509.0|20250101
66821||331.91|20250101
67025||663.93|20250101
67028||95.47|20250101
67031||373.07|20250101
67101||301.14|20250101
67105||290.39|20250101
67110||856.01|20250101
67120||584.34|20250101
67141||229.38|20250101
67145||229.38|20250101
67208||605.55|20250101
67210||524.88|20250101
67220||525.43|20250101
67221||213.93|20250101
67225||27.92|20250101
67227||266.7|20250101
67228||316.08|20250101
67345||225.99|20250101
67500||66.14|20250101
67505||74.14|20250101
67515||48.52|20250101
67516||100.58|20250101
67700||124.37|20250101
67710||104.93|20250101
67715||114.61|20250101
67800||107.87|20250101
67801||137.55|20250101
67805||171.14|20250101
67810||70.0|20250101
67820||23.29|20250101
67825||130.73|20250101
67830||145.8|20250101
67840||165.33|20250101
67850||139.18|20250101
67875||100.35|20250101
67880||390.47|20250101
67882||498.46|20250101
67900||530.77|20250101
67901||621.03|20250101
67903||504.81|20250101
67904||625.47|20250101
67908||457.96|20250101
67909||462.86|20250101
67912||509.11|20250101
67914||351.81|20250101
67915||214.24|20250101
67916||455.24|20250101
67917||481.31|20250101
67921||334.96|20250101
67922||216.15|20250101
67923||455.42|20250101
67924||482.08|20250101
67930||243.65|20250101
67935||455.77|20250101
67938||123.04|20250101
67950||487.17|20250101
67961||479.76|20250101
67966||685.01|20250101
68020||116.58|20250101
68040||49.72|20250101
68100||100.52|20250101
68110||158.08|20250101
68115||192.83|20250101
68130||437.89|20250101
68135||159.08|20250101
68200||35.85|20250101
68320||572.47|20250101
68330||487.78|20250101
68340||418.54|20250101
68360||434.85|20250101
68400||138.97|20250101
68420||174.38|20250101
68440||108.18|20250101
68510||296.09|20250101
68530||265.13|20250101
68705||175.18|20250101
68760||155.6|20250101
68761||125.18|20250101
68801||85.84|20250101
68810||136.5|20250101
68815||235.99|20250101
68816||165.28|20250101
68840||125.99|20250101
68841||33.94|20250101
68850||53.83|20250101
69000||134.01|20250101
69005||170.85|20250101
69020||155.07|20250101
69100||47.32|20250101
69105||68.45|20250101
69110||351.4|20250101
69145||276.52|20250101
69200||49.13|20250101
69210||32.43|20250101
69220||53.24|20250101
69222||147.06|20250101
69300||497.9|20250101
69420||129.99|20250101
69424||64.75|20250101
69433||142.45|20250101
69540||140.17|20250101
69610||298.05|20250101
69620||528.61|20250101
69705||176.94|20250101
69706||246.43|20250101
69801||128.05|20250101
70496||294.2|20250101
70496|TC|210.33|20250101
70498||294.2|20250101
70498|TC|210.33|20250101
71275||297.71|20250101
71275|TC|210.33|20250101
71550||355.92|20250101
71550|TC|285.71|20250101
71552||530.5|20250101
71552|TC|421.77|20250101
72191||296.02|20250101
72191|TC|210.12|20250101
72194||268.5|20250101
72194|TC|210.12|20250101
73200||173.36|20250101
73200|TC|125.55|20250101
73202||268.32|20250101
73202|TC|210.33|20250101
73206||295.85|20250101
73206|TC|209.95|20250101
73706||300.36|20250101
73706|TC|209.95|20250101
74170||276.98|20250101
74170|TC|210.12|20250101
74175||297.12|20250101
74175|TC|210.12|20250101
74251||266.63|20250101
74251|TC|210.67|20250101
74261||241.4|20250101
74261|TC|125.72|20250101
74262||331.03|20250101
74262|TC|210.5|20250101
74263||401.64|20250101
74263|TC|285.67|20250101
74712||430.74|20250101
74712|TC|285.71|20250101
75635||323.5|20250101
75635|TC|210.12|20250101
76800||188.31|20250101
76800|TC|125.72|20250101
76872||158.23|20250101
76872|TC|125.34|20250101
76885||139.47|20250101
76885|TC|103.74|20250101
80503||22.34|20250101
80504||47.88|20250101
80505||91.0|20250101
85097||48.11|20250101
86077||49.26|20250101
86078||49.64|20250101
86079||49.26|20250101
88321||84.27|20250101
88325||135.59|20250101
88329||35.32|20250101
88363||19.21|20250101
89049||59.99|20250101
90785||12.69|20250101
90791||147.91|20250101
90792||169.75|20250101
90832||71.37|20250101
90833||66.79|20250101
90834||94.22|20250101
90836||84.87|20250101
90837||139.37|20250101
90838||113.19|20250101
90839||135.07|20250101
90840||67.17|20250101
90845||90.61|20250101
90846||101.94|20250101
90847||106.36|20250101
90849||31.18|20250101
90853||25.05|20250101
90865||121.52|20250101
90870||104.97|20250101
90880||85.21|20250101
90901||19.39|20250101
90912||42.96|20250101
90913||24.11|20250101
92002||46.46|20250101
92004||95.68|20250101
92012||51.45|20250101
92014||77.43|20250101
92020||20.91|20250101
92065||33.34|20250101
92071||32.91|20250101
92072||94.5|20250101
92100||32.91|20250101
92201||23.26|20250101
92202||14.96|20250101
92230||32.23|20250101
92260||11.06|20250101
92311||51.74|20250101
92312||62.35|20250101
92313||43.75|20250101
92315||21.27|20250101
92316||31.96|20250101
92317||21.27|20250101
92504||9.63|20250101
92511||39.84|20250101
92512||27.51|20250101
92516||22.94|20250101
92517||43.25|20250101
92518||43.85|20250101
92519||65.54|20250101
92520||41.59|20250101
92557||32.96|20250101
92567||11.06|20250101
92570||29.77|20250101
92579||38.19|20250101
92601||126.75|20250101
92602||71.71|20250101
92603||123.17|20250101
92604||68.52|20250101
92610||74.22|20250101
92612||68.46|20250101
92614||67.14|20250101
92616||102.38|20250101
92617||41.22|20250101
92620||82.38|20250101
92621||19.48|20250101
92622||68.9|20250101
92623||18.05|20250101
92625||62.73|20250101
92626||77.15|20250101
92627||18.05|20250101
92640||97.14|20250101
92950||180.59|20250101
92960||109.92|20250101
93150||42.27|20250101
93151||39.85|20250101
93152||88.39|20250101
93153||21.79|20250101
93264||35.42|20250101
93319||23.18|20250101
93356||11.83|20250101
93750||39.87|20250101
93797||8.48|20250101
93798||13.54|20250101
93888||161.72|20250101
93888|TC|125.55|20250101
93892||185.05|20250101
93892|TC|125.55|20250101
93893||185.64|20250101
93893|TC|125.72|20250101
93926||147.79|20250101
93926|TC|125.38|20250101
93976||163.49|20250101
93976|TC|125.38|20250101
93986||147.83|20250101
93986|TC|125.38|20250101
93990||147.66|20250101
93990|TC|125.38|20250101
94625||17.76|20250101
94626||25.93|20250101
94660||36.99|20250101
94780||23.07|20250101
94781||8.15|20250101
95017||3.68|20250101
95018||7.15|20250101
95024||0.93|20250101
95076||75.32|20250101
95079||69.43|20250101
95144||3.35|20250101
95145||3.35|20250101
95146||3.35|20250101
95147||3.35|20250101
95148||3.35|20250101
95149||3.35|20250101
95165||3.35|20250101
95170||3.35|20250101
95180||105.3|20250101
95717||108.01|20250101
95718||135.61|20250101
95719||162.4|20250101
95720||208.66|20250101
95721||208.06|20250101
95722||252.76|20250101
95723||255.18|20250101
95724||320.59|20250101
95725||292.56|20250101
95726||407.69|20250101
95830||92.87|20250101
95851||7.82|20250101
95852||5.77|20250101
95857||28.76|20250101
95970||18.75|20250101
95971||39.01|20250101
95972||39.89|20250101
95976||37.91|20250101
95977||50.71|20250101
95981||17.9|20250101
95982||36.55|20250101
95983||49.49|20250101
95984||43.71|20250101
95991||39.48|20250101
95992||36.24|20250101
96112||122.77|20250101
96113||50.44|20250101
96116||79.66|20250101
96121||66.01|20250101
96130||110.27|20250101
96131||75.07|20250101
96132||106.96|20250101
96133||75.46|20250101
96136||23.48|20250101
96137||17.77|20250101
96156||89.84|20250101
96158||61.65|20250101
96159||21.14|20250101
96164||9.76|20250101
96165||4.42|20250101
96167||65.3|20250101
96168||23.39|20250101
96202||22.13|20250101
96405||29.75|20250101
96406||45.76|20250101
96440||141.63|20250101
96446||19.32|20250101
96450||77.28|20250101
96542||42.4|20250101
96920||53.26|20250101
96921||60.94|20250101
96922||99.85|20250101
97129||22.54|20250101
97550||47.21|20250101
97551||25.4|20250101
97552||10.9|20250101
97597||35.41|20250101
97598||24.15|20250101
97605||24.97|20250101
97606||27.01|20250101
97607||21.16|20250101
97608||24.22|20250101
97610||18.08|20250101
97802||34.25|20250101
97803||28.92|20250101
97804||16.16|20250101
97810||31.8|20250101
97811||24.32|20250101
97813||38.41|20250101
97814||24.65|20250101
98016||15.35|20250101
98925||23.17|20250101
98926||35.12|20250101
98927||46.69|20250101
98928||59.02|20250101
98929||70.21|20250101
98940||22.75|20250101
98941||34.87|20250101
98942||46.99|20250101
98966||11.95|20250101
98967||23.14|20250101
98968||32.2|20250101
98972||33.86|20250101
98980||30.99|20250101
98981||30.27|20250101
99151||24.11|20250101
99152||11.99|20250101
99170||84.92|20250101
99202||47.64|20250101
99203||82.87|20250101
99204||135.35|20250101
99205||184.16|20250101
99211||8.86|20250101
99212||35.76|20250101
99213||67.06|20250101
99214||98.64|20250101
99215||146.33|20250101
99291||212.95|20250101
99292||106.65|20250101
99406||11.83|20250101
99407||25.09|20250101
99421||12.93|20250101
99422||25.85|20250101
99423||40.4|20250101
99424||75.9|20250101
99425||52.05|20250101
99426||50.14|20250101
99427||36.27|20250101
99437||50.52|20250101
99439||34.79|20250101
99457||30.27|20250101
99458||30.27|20250101
99461||61.1|20250101
99474||8.86|20250101
99483||195.88|20250101
99484||43.4|20250101
99487||91.51|20250101
99489||49.76|20250101
99490||50.52|20250101
99491||76.38|20250101
99492||95.74|20250101
99493||104.1|20250101
99494||41.07|20250101
99495||141.76|20250101
99496||192.44|20250101
99497||76.38|20250101
99498||72.29|20250101
