SVC_CD|MODIFIER_1|FEE|AGE_UNIT|FROM_AGE|THROUGH_AGE|PLACE_OF_SERVICE_CODE
90284||18.57||||
90371||150.77||||
90375||284.83||||
90376||457.03||||
90377||254.98||||
90378||1787.31||||
90380||524.21||||
90381||524.21||||
90396||2219.76||||
90471||4.46||||
90587||70.46||||
90589||279.46||||
90611||274.46||||
90619||175.68||||
90620||240.84||||
90621||193.97||||
90622||0.01||||
90623||234.46||||
90626||293.89||||
90627||293.89||||
90632||76.07||||
90633||42.74||||
90636||135.39||||
90644||27.67||||
90647||34.29||||
90648||17.05||||
90649||164.72||||
90650||132.59||||
90651||311.32||||
90653||87.95||||
90655||30.51||||
90656||26.81||||
90657||15.39||||
90658||26.32||||
90661||41.31||||
90662||87.95||||
90670||262.45||||
90671||258.02||||
90673||87.95||||
90674||38.63||||
90675||332.24||||
90677||302.5||||
90678||299.46||||
90679||298.46||||
90682||77.86||||
90683||290.0||||
90684||332.35||||
90685||22.82||||
90686||26.81||||
90687||14.9||||
90688||25.34||||
90691||138.46||||
90694||81.82||||
90696||65.22||||
90697||156.62||||
90698||120.77||||
90700||32.26||||
90702||69.05||||
90707||97.41||||
90710||279.62||||
90713||48.44||||
90714||37.94||||
90715||43.09||||
90716||186.71||||
90717||228.43||||
90723||104.33||||
90732||137.93||||
90733||126.88||||
90734||168.46||||
90736||217.13||||
90738||292.06||||
90739||172.76||||
90740||162.61||||
90743||79.61||||
90744||35.23||||
90746||74.84||||
90747||145.21||||
90748||46.35||||
90750||219.97||||
90756||36.83||||
90759||78.28||||
91304||161.54||||
91318||65.55||||
91319||87.78||||
91320||155.9||||
91321||147.06||||
91322||161.65||||
