SVC_CD|MODIFIER_1|FEE|AGE_UNIT|FROM_AGE|THROUGH_AGE|PLACE_OF_SERVICE_CODE
70010||50.39||||
70015||89.01||||
70030||24.68||||
70100||25.1||||
70110||34.04||||
70120||25.98||||
70130||45.84||||
70134||45.84||||
70140||25.98||||
70150||37.28||||
70160||24.79||||
70170||43.28||||
70190||25.98||||
70200||37.89||||
70210||21.62||||
70220||33.35||||
70240||21.62||||
70250||25.98||||
70260||40.22||||
70300||8.63||||
70310||17.3||||
70320||34.61||||
70328||24.45||||
70330||38.09||||
70332||68.0||||
70350||14.63||||
70355||16.5||||
70360||17.3||||
70370||38.09||||
70380||27.7||||
70390||41.33||||
70450||103.9||||
70460||145.73||||
70470||172.36||||
70480||155.59||||
70481||180.84||||
70482||212.77||||
70486||126.17||||
70487||150.58||||
70488||184.93||||
70490||147.22||||
70491||183.28||||
70492||221.45||||
70496||266.02||||
70498||265.18||||
70540||234.43||||
70542||279.09||||
70543||350.75||||
70544||220.07||||
70545||231.99||||
70546||337.61||||
70547||221.03||||
70548||248.64||||
70549||353.27||||
70551||197.84||||
70552||276.38||||
70553||325.73||||
70554||390.4||||
70555||99.01||||
70557||171.75||||
70558||177.25||||
70559||166.78||||
71045||17.67||||
71046||27.48||||
71047||35.27||||
71048||37.87||||
71100||27.16||||
71101||32.32||||
71110||33.31||||
71111||42.4||||
71120||25.98||||
71130||25.98||||
71250||130.45||||
71260||165.94||||
71270||197.19||||
71271||134.96||||
71275||270.91||||
71550||359.16||||
71551||395.33||||
71552||501.11||||
71555||347.16||||
72020||17.3||||
72040||25.98||||
72050||40.0||||
72052||50.31||||
72070||28.04||||
72072||30.83||||
72074||35.11||||
72080||27.39||||
72081||34.72||||
72082||56.31||||
72083||61.12||||
72084||73.11||||
72100||30.29||||
72110||43.85||||
72114||52.91||||
72120||34.61||||
72125||128.12||||
72126||167.35||||
72127||197.15||||
72128||127.78||||
72129||168.31||||
72130||198.11||||
72131||127.47||||
72132||167.35||||
72133||197.15||||
72141||193.48||||
72142||283.14||||
72146||193.48||||
72147||281.19||||
72148||193.79||||
72149||278.63||||
72156||328.94||||
72157||329.59||||
72158||328.29||||
72159||358.77||||
72170||21.62||||
72190||31.55||||
72191||274.89||||
72192||130.72||||
72193||204.45||||
72194||236.34||||
72195||237.83||||
72196||279.09||||
72197||350.6||||
72198||349.11||||
72200||21.62||||
72202||29.57||||
72220||25.02||||
72240||87.55||||
72255||87.02||||
72265||81.98||||
72270||112.92||||
72285||100.47||||
72295||87.48||||
73000||20.78||||
73010||21.39||||
73020||17.3||||
73030||25.86||||
73040||50.69||||
73050||25.9||||
73060||20.78||||
73070||20.78||||
73080||25.98||||
73085||71.82||||
73090||20.78||||
73092||20.78||||
73100||17.3||||
73110||25.14||||
73115||41.14||||
73120||17.3||||
73130||25.14||||
73140||15.59||||
73200||161.78||||
73201||201.51||||
73202||252.54||||
73206||295.4||||
73218||321.34||||
73219||350.26||||
73220||390.48||||
73221||205.97||||
73222||331.23||||
73223||408.36||||
73225||355.87||||
73501||26.51||||
73502||37.28||||
73503||46.57||||
73521||34.8||||
73522||43.85||||
73523||51.04||||
73525||75.29||||
73551||24.94||||
73552||29.15||||
73560||19.02||||
73562||23.38||||
73564||27.7||||
73565||19.02||||
73580||69.22||||
73590||20.78||||
73592||20.78||||
73600||19.02||||
73610||25.14||||
73615||75.29||||
73620||17.3||||
73630||24.22||||
73650||19.02||||
73660||15.59||||
73700||127.47||||
73701||165.6||||
73702||193.75||||
73706||318.05||||
73718||231.53||||
73719||272.67||||
73720||350.75||||
73721||205.33||||
73722||331.88||||
73723||407.06||||
73725||348.08||||
74018||24.63||||
74019||30.1||||
74021||35.12||||
74022||39.42||||
74150||133.97||||
74160||208.76||||
74170||237.64||||
74174||351.77||||
74175||277.18||||
74176||178.43||||
74177||281.8||||
74178||319.24||||
74181||200.28||||
74182||316.11||||
74183||351.25||||
74185||349.76||||
74190||34.53||||
74210||38.09||||
74220||38.09||||
74221||99.39||||
74230||51.91||||
74235||120.52||||
74240||102.03||||
74246||115.25||||
74248||74.76||||
74250||94.62||||
74251||373.21||||
74261||487.2||||
74262||569.22||||
74270||51.91||||
74280||62.84||||
74290||38.43||||
74300||43.28||||
74301||21.62||||
74328||115.13||||
74329||115.13||||
74330||115.13||||
74340||63.18||||
74355||103.06||||
74360||108.98||||
74363||132.17||||
74400||65.74||||
74410||86.52||||
74415||99.32||||
74420||56.42||||
74425||50.19||||
74430||33.16||||
74440||38.09||||
74445||51.91||||
74450||41.52||||
74455||60.59||||
74470||43.28||||
74485||83.01||||
74710||32.81||||
74712||422.03||||
74713||202.57||||
74740||46.72||||
75561||380.47||||
75565||48.32||||
75571||81.33||||
75572||227.06||||
75573||304.72||||
75574||328.94||||
75600||181.76||||
75605||114.14||||
75625||117.69||||
75630||146.5||||
75635||342.54||||
75705||211.36||||
75710||140.96||||
75716||151.54||||
75726||130.26||||
75731||143.63||||
75733||157.8||||
75736||132.48||||
75741||124.07||||
75743||139.16||||
75746||126.79||||
75756||146.73||||
75774||75.52||||
75801||129.8||||
75803||129.8||||
75805||130.76||||
75807||138.48||||
75809||24.83||||
75810||392.2||||
75820||61.12||||
75822||93.82||||
75825||108.79||||
75827||113.95||||
75842||149.21||||
75870||133.66||||
75885||128.81||||
75898||103.9||||
75901||99.36||||
75902||64.75||||
75956||326.18||||
75957||279.45||||
75958||186.35||||
75959||163.18||||
75984||67.73||||
75989||107.46||||
76000||27.96||||
76010||23.34||||
76080||41.79||||
76098||14.48||||
76100||57.11||||
76120||52.72||||
76125||30.29||||
76140||18.6||||
76145||775.35||||
76380||130.76||||
76391||211.36||||
76506||62.23||||
76510||66.16||||
76511||51.84||||
76512||44.04||||
76513||66.43||||
76514||10.12||||
76516||42.29||||
76519||54.82||||
76529||58.75||||
76536||59.74||||
76604||60.62||||
76641||97.03||||
76642||78.96||||
76700||83.2||||
76705||60.74||||
76706||85.45||||
76770||80.72||||
76775||51.38||||
76776||110.4||||
76800||80.98||||
76801||78.42||||
76802||55.81||||
76805||94.32||||
76810||82.28||||
76811||159.03||||
76812||119.18||||
76813||108.91||||
76814||70.02||||
76815||62.95||||
76816||51.84||||
76817||82.17||||
76819||78.42||||
76820||38.73||||
76821||82.47||||
76825||81.48||||
76826||59.55||||
76827||57.57||||
76828||34.0||||
76830||67.65||||
76831||75.52||||
76856||67.65||||
76857||42.17||||
76870||59.78||||
76872||67.65||||
76873||107.95||||
76881||60.13||||
76882||26.25||||
76885||76.09||||
76886||67.81||||
76932||66.93||||
76937||28.15||||
76940||139.7||||
76941||112.96||||
76942||50.62||||
76946||28.65||||
76965||79.07||||
76975||47.9||||
76978||292.42||||
76979||200.47||||
76981||98.17||||
76982||87.55||||
76983||53.29||||
76998||116.55||||
77001||63.56||||
77002||66.51||||
77003||56.88||||
77011||199.48||||
77012||111.05||||
77013||160.82||||
77014||105.16||||
77021||366.76||||
77022||171.59||||
77046||218.85||||
77047||224.5||||
77048||349.3||||
77049||356.25||||
77053||50.62||||
77054||65.82||||
77063||48.82||||
77065||117.89||||
77066||149.36||||
77067||120.94||||
77071||24.56||||
77072||19.67||||
77073||32.05||||
77074||56.42||||
77075||78.5||||
77076||63.6||||
77077||33.23||||
77080||34.84||||
77081||25.1||||
77085||48.06||||
77086||30.75||||
77089||37.36||||
77090||2.1||||
77091||26.4||||
77092||8.82||||
77261||61.12||||
77262||92.79||||
77263||144.24||||
77280||80.14||||
77285||127.02||||
77290||155.89||||
77293||411.91||||
77295||435.75||||
77300||56.12||||
77301||1237.18||||
77306||128.69||||
77307||251.14||||
77316||166.29||||
77317||217.44||||
77318||313.4||||
77321||81.71||||
77331||53.4||||
77332||37.47||||
77333||45.73||||
77334||113.95||||
77336||55.08||||
77338||427.38||||
77370||95.19||||
77371||1062.56||||
77372||806.21||||
77373||1078.42||||
77401||19.06||||
77402||42.4||||
77407||38.77||||
77412||43.2||||
77417||9.82||||
77423||87.41||||
77427||114.37||||
77431||79.34||||
77432||284.32||||
77435||536.14||||
77469||248.27||||
77470||116.24||||
77600||169.38||||
77610||169.38||||
77615||227.48||||
77750||135.04||||
77761||322.48||||
77762||427.42||||
77763||603.48||||
77767||204.94||||
77768||322.06||||
77770||290.89||||
77771||540.76||||
77772||827.53||||
77778||734.59||||
77789||106.73||||
77790||14.1||||
78013||180.63||||
78014||220.11||||
78015||80.91||||
78016||109.48||||
78018||129.8||||
78020||29.22||||
78070||96.11||||
78071||326.76||||
78072||364.92||||
78075||217.82||||
78099||25.52||||
78102||93.25||||
78110||34.61||||
78111||52.41||||
78120||51.91||||
78121||70.52||||
78122||88.32||||
78130||86.52||||
78140||86.52||||
78185||86.52||||
78191||115.36||||
78195||189.55||||
78201||77.89||||
78202||120.14||||
78215||86.52||||
78216||113.8||||
78226||298.01||||
78227||408.54||||
78230||60.59||||
78231||70.17||||
78232||86.52||||
78258||129.35||||
78261||108.14||||
78262||108.14||||
78264||310.87||||
78265||366.95||||
78266||406.68||||
78278||129.8||||
78282||51.91||||
78290||108.14||||
78291||141.11||||
78300||80.91||||
78305||112.92||||
78306||141.03||||
78315||131.1||||
78414||103.83||||
78429||72.5||||
78430||68.78||||
78431||80.1||||
78432||85.21||||
78433||93.13||||
78434||27.03||||
78445||120.83||||
78451||201.93||||
78452||348.12||||
78453||176.6||||
78454||168.31||||
78456||148.64||||
78457||69.22||||
78458||94.32||||
78466||87.52||||
78468||115.98||||
78472||167.77||||
78473||250.82||||
78481||160.75||||
78483||220.61||||
78494||209.99||||
78496||38.31||||
78579||157.94||||
78580||112.5||||
78582||290.92||||
78597||177.59||||
78598||273.78||||
78600||117.35||||
78601||137.79||||
78605||134.12||||
78606||159.18||||
78610||40.22||||
78630||169.19||||
78635||149.36||||
78645||149.36||||
78650||147.95||||
78660||86.52||||
78700||77.89||||
78701||119.83||||
78707||192.95||||
78708||155.59||||
78709||182.63||||
78725||77.01||||
78730||65.86||||
78740||67.5||||
78761||86.52||||
78800||89.12||||
78801||132.4||||
78802||154.9||||
78804||189.7||||
78808||36.25||||
78811||2027.0||||
78812||2027.0||||
78813||2027.0||||
78814||2127.0||||
78815||2127.0||||
78816||2127.0||||
78830||459.58||||
78831||664.22||||
78832||866.22||||
78835||94.74||||
79005||119.11||||
79101||126.14||||
79200||103.83||||
79300||259.61||||
79403||166.59||||
79445||200.5||||
A9500||97.36||||
A9502||96.84||||
A9503||18.87||||
A9504||380.0||||
A9505||26.58||||
A9507||2252.27||||
A9508||460.96||||
A9510||34.83||||
A9516||51.38||||
A9517||152.28||||
A9521||454.09||||
A9524||45.45||||
A9528||30.46||||
A9536||608.0||||
A9537||45.36||||
A9538||19.76||||
A9539||13.0||||
A9540||17.22||||
A9541||42.56||||
A9547||233.29||||
A9548||205.2||||
A9551||101.3||||
A9552||360.0||||
A9553||168.04||||
A9554||467.05||||
A9556||25.56||||
A9557||339.34||||
A9558||31.17||||
A9559||129.94||||
A9560||51.8||||
A9561||22.43||||
A9562||306.98||||
A9563||98.18||||
A9564||525.62||||
A9566||794.81||||
A9567||61.74||||
A9579||1.62||||
A9581||14.79||||
A9585||0.39||||
A9589||4156.92||||
A9600||706.23||||
G0279||48.82||||
G6001||45.23||||
G6002||67.5||||
G6003||144.4||||
G6004||115.02||||
G6005||128.5||||
G6006||127.82||||
G6007||236.38||||
G6008||159.06||||
G6009||176.18||||
G6010||176.18||||
G6011||245.44||||
G6012||209.41||||
G6013||235.73||||
G6014||235.73||||
G6015||333.22||||
G6016||332.68||||
Q0092||14.27||||
Q9953||24.33||||
Q9954||7.18||||
Q9956||32.18||||
Q9957||48.27||||
Q9958||0.08||||
Q9960||0.22||||
Q9961||0.26||||
Q9962||0.15||||
Q9963||0.2||||
Q9964||0.16||||
Q9965||1.01||||
Q9966||0.32||||
Q9967||0.12||||
R0070||174.06||||
S8037||562.23||||
70010|26|19.65||||
70015|26|33.82||||
70030|26|7.16||||
70100|26|6.53||||
70110|26|10.89||||
70120|26|6.75||||
70130|26|13.75||||
70134|26|15.13||||
70140|26|8.83||||
70150|26|11.56||||
70160|26|6.45||||
70170|26|13.42||||
70190|26|7.79||||
70200|26|12.12||||
70210|26|6.05||||
70220|26|10.67||||
70240|26|6.7||||
70250|26|8.83||||
70260|26|14.88||||
70300|26|3.37||||
70310|26|3.63||||
70320|26|7.61||||
70328|26|7.09||||
70330|26|9.52||||
70332|26|25.16||||
70350|26|7.32||||
70355|26|8.58||||
70360|26|5.02||||
70370|26|7.62||||
70380|26|6.65||||
70390|26|7.85||||
70450|26|36.36||||
70460|26|48.09||||
70470|26|55.16||||
70480|26|40.45||||
70481|26|43.4||||
70482|26|48.94||||
70486|26|36.59||||
70487|26|48.19||||
70488|26|55.48||||
70490|26|47.11||||
70491|26|51.32||||
70492|26|55.36||||
70496|26|74.49||||
70498|26|74.25||||
70540|26|49.23||||
70542|26|64.19||||
70543|26|84.18||||
70544|26|30.81||||
70545|26|32.48||||
70546|26|47.27||||
70547|26|30.94||||
70548|26|34.81||||
70549|26|49.46||||
70551|26|61.33||||
70552|26|74.62||||
70553|26|94.46||||
70554|26|85.89||||
70555|26|99.01||||
70557|26|51.52||||
70558|26|53.18||||
70559|26|33.36||||
71045|26|7.95||||
71046|26|9.34||||
71047|26|12.34||||
71048|26|14.01||||
71100|26|8.96||||
71101|26|11.64||||
71110|26|11.66||||
71111|26|13.99||||
71120|26|8.57||||
71130|26|7.79||||
71250|26|35.22||||
71260|26|43.14||||
71270|26|47.33||||
71271|26|45.89||||
71275|26|78.56||||
71550|26|61.06||||
71551|26|71.16||||
71552|26|90.2||||
71555|26|72.9||||
72020|26|5.88||||
72040|26|8.57||||
72050|26|13.2||||
72052|26|15.6||||
72070|26|8.97||||
72072|26|9.25||||
72074|26|9.48||||
72080|26|9.31||||
72081|26|11.46||||
72082|26|14.08||||
72083|26|15.28||||
72084|26|17.55||||
72100|26|9.39||||
72110|26|13.59||||
72114|26|13.23||||
72120|26|9.34||||
72125|26|35.87||||
72126|26|41.84||||
72127|26|43.37||||
72128|26|33.22||||
72129|26|42.08||||
72130|26|43.58||||
72131|26|33.14||||
72132|26|41.84||||
72133|26|43.37||||
72141|26|61.91||||
72142|26|73.62||||
72146|26|59.98||||
72147|26|73.11||||
72148|26|62.01||||
72149|26|72.44||||
72156|26|95.39||||
72157|26|95.58||||
72158|26|95.2||||
72159|26|75.34||||
72170|26|5.62||||
72190|26|8.52||||
72191|26|76.97||||
72192|26|47.06||||
72193|26|49.07||||
72194|26|51.99||||
72195|26|42.81||||
72196|26|55.82||||
72197|26|73.63||||
72198|26|73.31||||
72200|26|6.49||||
72202|26|7.98||||
72220|26|7.51||||
72240|26|38.52||||
72255|26|40.03||||
72265|26|35.25||||
72270|26|57.59||||
72285|26|52.24||||
72295|26|36.74||||
73000|26|6.03||||
73010|26|6.2||||
73020|26|5.88||||
73030|26|8.02||||
73040|26|13.18||||
73050|26|7.25||||
73060|26|5.82||||
73070|26|5.82||||
73080|26|7.01||||
73085|26|20.83||||
73090|26|6.44||||
73092|26|5.82||||
73100|26|4.84||||
73110|26|6.03||||
73115|26|10.28||||
73120|26|5.36||||
73130|26|6.79||||
73140|26|3.27||||
73200|26|42.06||||
73201|26|50.38||||
73202|26|53.03||||
73206|26|76.8||||
73218|26|57.84||||
73219|26|66.55||||
73220|26|78.1||||
73221|26|55.61||||
73222|26|66.25||||
73223|26|89.84||||
73225|26|71.17||||
73501|26|8.22||||
73502|26|9.69||||
73503|26|12.11||||
73521|26|9.74||||
73522|26|12.72||||
73523|26|13.78||||
73525|26|20.33||||
73551|26|7.23||||
73552|26|8.16||||
73560|26|4.95||||
73562|26|5.84||||
73564|26|7.48||||
73565|26|4.37||||
73580|26|15.92||||
73590|26|5.82||||
73592|26|5.82||||
73600|26|5.14||||
73610|26|6.79||||
73615|26|19.58||||
73620|26|4.84||||
73630|26|6.78||||
73650|26|5.52||||
73660|26|3.59||||
73700|26|33.14||||
73701|26|39.74||||
73702|26|40.69||||
73706|26|79.51||||
73718|26|39.36||||
73719|26|51.81||||
73720|26|70.15||||
73721|26|55.44||||
73722|26|66.38||||
73723|26|89.55||||
73725|26|73.1||||
74018|26|7.88||||
74019|26|9.93||||
74021|26|11.59||||
74022|26|13.8||||
74150|26|50.91||||
74160|26|54.28||||
74170|26|59.41||||
74174|26|94.98||||
74175|26|77.61||||
74176|26|74.94||||
74177|26|78.9||||
74178|26|86.19||||
74181|26|42.06||||
74182|26|56.9||||
74183|26|73.76||||
74185|26|73.45||||
74190|26|9.32||||
74210|26|8.38||||
74220|26|9.52||||
74221|26|30.81||||
74230|26|10.38||||
74235|26|48.21||||
74240|26|29.59||||
74246|26|29.96||||
74248|26|30.65||||
74250|26|20.82||||
74251|26|29.86||||
74261|26|97.44||||
74262|26|102.46||||
74270|26|11.42||||
74280|26|13.82||||
74290|26|8.45||||
74300|26|14.28||||
74301|26|7.13||||
74328|26|37.99||||
74329|26|37.99||||
74330|26|37.99||||
74340|26|50.54||||
74355|26|41.22||||
74360|26|43.59||||
74363|26|52.87||||
74400|26|13.81||||
74410|26|18.17||||
74415|26|16.88||||
74420|26|18.62||||
74425|26|16.56||||
74430|26|13.6||||
74440|26|8.38||||
74445|26|17.13||||
74450|26|13.7||||
74455|26|11.51||||
74470|26|14.72||||
74485|26|22.41||||
74710|26|14.76||||
74712|26|126.61||||
74713|26|76.98||||
74740|26|11.21||||
75561|26|110.34||||
75565|26|10.15||||
75571|26|21.96||||
75572|26|65.85||||
75573|26|94.46||||
75574|26|88.81||||
75600|26|19.99||||
75605|26|43.37||||
75625|26|44.72||||
75630|26|71.78||||
75635|26|102.76||||
75705|26|93.0||||
75710|26|46.52||||
75716|26|48.49||||
75726|26|45.59||||
75731|26|45.96||||
75733|26|52.07||||
75736|26|43.72||||
75741|26|49.63||||
75743|26|64.01||||
75746|26|44.38||||
75756|26|45.49||||
75774|26|14.35||||
75801|26|42.83||||
75803|26|42.83||||
75805|26|52.3||||
75807|26|55.39||||
75809|26|5.71||||
75810|26|129.43||||
75820|26|17.11||||
75822|26|33.78||||
75825|26|42.43||||
75827|26|43.3||||
75842|26|58.19||||
75870|26|49.45||||
75885|26|54.1||||
75898|26|34.29||||
75901|26|11.92||||
75902|26|16.19||||
75956|26|260.94||||
75957|26|223.56||||
75958|26|149.08||||
75959|26|130.54||||
75984|26|21.0||||
75989|26|49.43||||
76000|26|4.75||||
76010|26|7.7||||
76080|26|19.22||||
76098|26|6.81||||
76100|26|18.85||||
76120|26|11.6||||
76125|26|10.3||||
76380|26|41.84||||
76391|26|46.5||||
76506|26|16.18||||
76510|26|33.74||||
76511|26|26.44||||
76512|26|24.66||||
76513|26|23.91||||
76514|26|6.48||||
76516|26|16.07||||
76519|26|19.74||||
76529|26|22.91||||
76536|26|13.74||||
76604|26|17.58||||
76641|26|31.05||||
76642|26|29.22||||
76700|26|25.79||||
76705|26|18.83||||
76706|26|23.93||||
76770|26|25.02||||
76775|26|24.15||||
76776|26|25.39||||
76800|26|32.39||||
76801|26|30.58||||
76802|26|35.72||||
76805|26|31.13||||
76810|26|41.14||||
76811|26|81.11||||
76812|26|51.25||||
76813|26|52.28||||
76814|26|42.71||||
76815|26|23.29||||
76816|26|18.66||||
76817|26|30.4||||
76819|26|32.94||||
76820|26|20.14||||
76821|26|30.51||||
76825|26|22.81||||
76826|26|14.29||||
76827|26|20.73||||
76828|26|17.34||||
76830|26|18.27||||
76831|26|21.9||||
76856|26|20.3||||
76857|26|21.08||||
76870|26|26.9||||
76872|26|22.32||||
76873|26|47.5||||
76881|26|15.03||||
76882|26|17.59||||
76885|26|18.26||||
76886|26|17.63||||
76932|26|26.77||||
76937|26|12.39||||
76940|26|55.88||||
76941|26|61.0||||
76942|26|26.32||||
76946|26|16.62||||
76965|26|56.93||||
76975|26|22.03||||
76978|26|67.26||||
76979|26|36.08||||
76981|26|18.65||||
76982|26|25.39||||
77001|26|13.35||||
77002|26|19.29||||
77003|26|17.06||||
77011|26|53.86||||
77012|26|48.86||||
77013|26|51.46||||
77014|26|36.81||||
77021|26|62.35||||
77022|26|145.85||||
77046|26|61.28||||
77047|26|67.35||||
77048|26|87.32||||
77049|26|96.19||||
77053|26|15.19||||
77054|26|18.43||||
77063|26|25.87||||
77065|26|33.01||||
77066|26|40.33||||
77067|26|31.44||||
77072|26|7.87||||
77073|26|12.5||||
77074|26|19.18||||
77075|26|23.55||||
77076|26|22.26||||
77077|26|13.96||||
77080|26|8.36||||
77081|26|9.29||||
77085|26|12.5||||
77086|26|7.38||||
77089|26|37.36||||
77092|26|8.82||||
77261|26|24.45||||
77262|26|37.12||||
77263|26|57.7||||
77280|26|9.62||||
77285|26|15.24||||
77290|26|23.38||||
77293|26|86.5||||
77295|26|187.37||||
77300|26|26.38||||
77301|26|247.44||||
77306|26|60.48||||
77307|26|125.57||||
77316|26|61.53||||
77317|26|80.45||||
77318|26|125.36||||
77321|26|41.67||||
77331|26|36.85||||
77332|26|12.37||||
77333|26|17.38||||
77334|26|50.14||||
77336|26|22.03||||
77338|26|179.5||||
77370|26|38.08||||
77423|26|34.96||||
77431|26|31.74||||
77470|26|83.69||||
77600|26|27.1||||
77610|26|11.86||||
77615|26|20.47||||
77761|26|158.02||||
77762|26|235.08||||
77763|26|356.05||||
77767|26|47.14||||
77768|26|61.19||||
77770|26|87.27||||
77771|26|167.64||||
77772|26|239.98||||
77778|26|389.33||||
77789|26|51.23||||
77790|26|7.61||||
78013|26|16.26||||
78014|26|19.81||||
78015|26|10.52||||
78016|26|12.04||||
78018|26|15.58||||
78020|26|9.06||||
78070|26|11.53||||
78071|26|49.01||||
78072|26|62.04||||
78075|26|15.25||||
78099|26|9.19||||
78102|26|13.06||||
78110|26|3.11||||
78111|26|5.24||||
78120|26|5.71||||
78121|26|9.87||||
78122|26|17.66||||
78130|26|14.71||||
78140|26|17.3||||
78185|26|7.79||||
78191|26|19.61||||
78195|26|28.43||||
78201|26|7.79||||
78202|26|13.22||||
78215|26|9.52||||
78216|26|22.76||||
78226|26|29.8||||
78227|26|36.77||||
78230|26|7.27||||
78231|26|12.63||||
78232|26|15.57||||
78258|26|19.4||||
78261|26|12.98||||
78262|26|12.98||||
78264|26|31.09||||
78265|26|40.36||||
78266|26|40.67||||
78278|26|16.87||||
78282|26|17.13||||
78290|26|9.73||||
78291|26|21.17||||
78300|26|12.95||||
78305|26|18.07||||
78306|26|21.15||||
78315|26|17.04||||
78414|26|36.34||||
78429|26|10.88||||
78430|26|10.32||||
78431|26|12.01||||
78432|26|12.78||||
78433|26|13.97||||
78434|26|4.05||||
78445|26|14.5||||
78451|26|36.35||||
78452|26|52.22||||
78453|26|26.49||||
78454|26|23.56||||
78456|26|20.81||||
78457|26|13.15||||
78458|26|18.86||||
78466|26|14.0||||
78468|26|20.88||||
78472|26|31.88||||
78473|26|57.69||||
78481|26|40.19||||
78483|26|59.56||||
78494|26|50.4||||
78496|26|19.92||||
78579|26|18.95||||
78580|26|15.75||||
78582|26|40.73||||
78597|26|28.41||||
78598|26|32.85||||
78600|26|12.91||||
78601|26|13.78||||
78605|26|16.09||||
78606|26|14.33||||
78610|26|3.22||||
78630|26|15.23||||
78635|26|11.95||||
78645|26|11.95||||
78650|26|11.84||||
78660|26|11.25||||
78700|26|9.35||||
78701|26|11.98||||
78707|26|34.73||||
78708|26|48.23||||
78709|26|31.05||||
78725|26|12.32||||
78730|26|6.59||||
78740|26|7.42||||
78761|26|12.98||||
78800|26|14.26||||
78801|26|18.54||||
78802|26|18.59||||
78804|26|15.18||||
78811|26|304.05||||
78812|26|304.05||||
78813|26|304.05||||
78814|26|319.05||||
78815|26|319.05||||
78816|26|319.05||||
78830|26|59.75||||
78831|26|73.06||||
78832|26|86.62||||
78835|26|18.95||||
79005|26|73.85||||
79101|26|81.99||||
79200|26|61.26||||
79300|26|207.69||||
79403|26|91.62||||
79445|26|160.4||||
G0279|26|25.87||||
G6001|26|25.33||||
G6002|26|16.88||||
S8037|26|168.67||||
70010|TC|30.74||||
70015|TC|55.19||||
70030|TC|17.52||||
70100|TC|18.57||||
70110|TC|23.15||||
70120|TC|19.23||||
70130|TC|32.09||||
70134|TC|30.71||||
70140|TC|17.15||||
70150|TC|25.72||||
70160|TC|18.34||||
70170|TC|29.86||||
70190|TC|18.19||||
70200|TC|25.77||||
70210|TC|15.57||||
70220|TC|22.68||||
70240|TC|14.92||||
70250|TC|17.15||||
70260|TC|25.34||||
70300|TC|5.26||||
70310|TC|13.67||||
70320|TC|27.0||||
70328|TC|17.36||||
70330|TC|28.57||||
70332|TC|42.84||||
70350|TC|7.32||||
70355|TC|7.92||||
70360|TC|12.28||||
70370|TC|30.47||||
70380|TC|21.05||||
70390|TC|33.48||||
70450|TC|67.54||||
70460|TC|97.64||||
70470|TC|117.2||||
70480|TC|115.14||||
70481|TC|137.44||||
70482|TC|163.83||||
70486|TC|89.58||||
70487|TC|102.39||||
70488|TC|129.45||||
70490|TC|100.11||||
70491|TC|131.96||||
70492|TC|166.09||||
70496|TC|191.53||||
70498|TC|190.93||||
70540|TC|185.2||||
70542|TC|214.9||||
70543|TC|266.57||||
70544|TC|189.26||||
70545|TC|199.51||||
70546|TC|290.34||||
70547|TC|190.09||||
70548|TC|213.83||||
70549|TC|303.81||||
70551|TC|136.51||||
70552|TC|201.76||||
70553|TC|231.27||||
70554|TC|304.51||||
70557|TC|120.22||||
70558|TC|124.07||||
70559|TC|133.42||||
71045|TC|9.72||||
71046|TC|18.14||||
71047|TC|22.93||||
71048|TC|23.86||||
71100|TC|18.2||||
71101|TC|20.68||||
71110|TC|21.65||||
71111|TC|28.41||||
71120|TC|17.41||||
71130|TC|18.19||||
71250|TC|95.23||||
71260|TC|122.8||||
71270|TC|149.86||||
71271|TC|89.07||||
71275|TC|192.35||||
71550|TC|298.1||||
71551|TC|324.17||||
71552|TC|410.91||||
71555|TC|274.26||||
72020|TC|11.42||||
72040|TC|17.41||||
72050|TC|26.8||||
72052|TC|34.71||||
72070|TC|19.07||||
72072|TC|21.58||||
72074|TC|25.63||||
72080|TC|18.08||||
72081|TC|23.26||||
72082|TC|42.23||||
72083|TC|45.84||||
72084|TC|55.56||||
72100|TC|20.9||||
72110|TC|30.26||||
72114|TC|39.68||||
72120|TC|25.27||||
72125|TC|92.25||||
72126|TC|125.51||||
72127|TC|153.78||||
72128|TC|94.56||||
72129|TC|126.23||||
72130|TC|154.53||||
72131|TC|94.33||||
72132|TC|125.51||||
72133|TC|153.78||||
72141|TC|131.57||||
72142|TC|209.52||||
72146|TC|133.5||||
72147|TC|208.08||||
72148|TC|131.78||||
72149|TC|206.19||||
72156|TC|233.55||||
72157|TC|234.01||||
72158|TC|233.09||||
72159|TC|283.43||||
72170|TC|16.0||||
72190|TC|23.03||||
72191|TC|197.92||||
72192|TC|83.66||||
72193|TC|155.38||||
72194|TC|184.35||||
72195|TC|195.02||||
72196|TC|223.27||||
72197|TC|276.97||||
72198|TC|275.8||||
72200|TC|15.13||||
72202|TC|21.59||||
72220|TC|17.51||||
72240|TC|49.03||||
72255|TC|46.99||||
72265|TC|46.73||||
72270|TC|55.33||||
72285|TC|48.23||||
72295|TC|50.74||||
73000|TC|14.75||||
73010|TC|15.19||||
73020|TC|11.42||||
73030|TC|17.84||||
73040|TC|37.51||||
73050|TC|18.65||||
73060|TC|14.96||||
73070|TC|14.96||||
73080|TC|18.97||||
73085|TC|50.99||||
73090|TC|14.34||||
73092|TC|14.96||||
73100|TC|12.46||||
73110|TC|19.11||||
73115|TC|30.86||||
73120|TC|11.94||||
73130|TC|18.35||||
73140|TC|12.32||||
73200|TC|119.72||||
73201|TC|151.13||||
73202|TC|199.51||||
73206|TC|218.6||||
73218|TC|263.5||||
73219|TC|283.71||||
73220|TC|312.38||||
73221|TC|150.36||||
73222|TC|264.98||||
73223|TC|318.52||||
73225|TC|284.7||||
73501|TC|18.29||||
73502|TC|27.59||||
73503|TC|34.46||||
73521|TC|25.06||||
73522|TC|31.13||||
73523|TC|37.26||||
73525|TC|54.96||||
73551|TC|17.71||||
73552|TC|20.99||||
73560|TC|14.07||||
73562|TC|17.54||||
73564|TC|20.22||||
73565|TC|14.65||||
73580|TC|53.3||||
73590|TC|14.96||||
73592|TC|14.96||||
73600|TC|13.88||||
73610|TC|18.35||||
73615|TC|55.71||||
73620|TC|12.46||||
73630|TC|17.44||||
73650|TC|13.5||||
73660|TC|12.0||||
73700|TC|94.33||||
73701|TC|125.86||||
73702|TC|153.06||||
73706|TC|238.54||||
73718|TC|192.17||||
73719|TC|220.86||||
73720|TC|280.6||||
73721|TC|149.89||||
73722|TC|265.5||||
73723|TC|317.51||||
73725|TC|274.98||||
74018|TC|16.75||||
74019|TC|20.17||||
74021|TC|23.53||||
74022|TC|25.62||||
74150|TC|83.06||||
74160|TC|154.48||||
74170|TC|178.23||||
74174|TC|256.79||||
74175|TC|199.57||||
74176|TC|103.49||||
74177|TC|202.9||||
74178|TC|233.05||||
74181|TC|158.22||||
74182|TC|259.21||||
74183|TC|277.49||||
74185|TC|276.31||||
74190|TC|25.21||||
74210|TC|29.71||||
74220|TC|28.57||||
74221|TC|68.58||||
74230|TC|41.53||||
74235|TC|72.31||||
74240|TC|72.44||||
74246|TC|85.28||||
74248|TC|44.11||||
74250|TC|73.8||||
74251|TC|343.35||||
74261|TC|389.76||||
74262|TC|466.76||||
74270|TC|40.49||||
74280|TC|49.02||||
74290|TC|29.98||||
74300|TC|29.0||||
74301|TC|14.49||||
74328|TC|77.14||||
74329|TC|77.14||||
74330|TC|77.14||||
74340|TC|12.64||||
74355|TC|61.84||||
74360|TC|65.39||||
74363|TC|79.3||||
74400|TC|51.93||||
74410|TC|68.35||||
74415|TC|82.44||||
74420|TC|37.8||||
74425|TC|33.63||||
74430|TC|19.56||||
74440|TC|29.71||||
74445|TC|34.78||||
74450|TC|27.82||||
74455|TC|49.08||||
74470|TC|28.56||||
74485|TC|60.6||||
74710|TC|18.05||||
74712|TC|295.42||||
74713|TC|125.59||||
74740|TC|35.51||||
75561|TC|270.13||||
75565|TC|38.17||||
75571|TC|59.37||||
75572|TC|161.21||||
75573|TC|210.26||||
75574|TC|240.13||||
75600|TC|161.77||||
75605|TC|70.77||||
75625|TC|72.97||||
75630|TC|74.72||||
75635|TC|239.78||||
75705|TC|118.36||||
75710|TC|94.44||||
75716|TC|103.05||||
75726|TC|84.67||||
75731|TC|97.67||||
75733|TC|105.73||||
75736|TC|88.76||||
75741|TC|74.44||||
75743|TC|75.15||||
75746|TC|82.41||||
75756|TC|101.24||||
75774|TC|61.17||||
75801|TC|86.97||||
75803|TC|86.97||||
75805|TC|78.46||||
75807|TC|83.09||||
75809|TC|19.12||||
75810|TC|262.77||||
75820|TC|44.01||||
75822|TC|60.04||||
75825|TC|66.36||||
75827|TC|70.65||||
75842|TC|91.02||||
75870|TC|84.21||||
75885|TC|74.71||||
75898|TC|69.61||||
75901|TC|87.44||||
75902|TC|48.56||||
75956|TC|65.24||||
75957|TC|55.89||||
75958|TC|37.27||||
75959|TC|32.64||||
75984|TC|46.73||||
75989|TC|58.03||||
76000|TC|23.21||||
76010|TC|15.64||||
76080|TC|22.57||||
76098|TC|7.67||||
76100|TC|38.26||||
76120|TC|41.12||||
76125|TC|19.99||||
76380|TC|88.92||||
76391|TC|164.86||||
76506|TC|46.05||||
76510|TC|32.42||||
76511|TC|25.4||||
76512|TC|19.38||||
76513|TC|42.52||||
76514|TC|3.64||||
76516|TC|26.22||||
76519|TC|35.08||||
76529|TC|35.84||||
76536|TC|46.0||||
76604|TC|43.04||||
76641|TC|65.98||||
76642|TC|49.74||||
76700|TC|57.41||||
76705|TC|41.91||||
76706|TC|61.52||||
76770|TC|55.7||||
76775|TC|27.23||||
76776|TC|85.01||||
76800|TC|48.59||||
76801|TC|47.84||||
76802|TC|20.09||||
76805|TC|63.19||||
76810|TC|41.14||||
76811|TC|77.92||||
76812|TC|67.93||||
76813|TC|56.63||||
76814|TC|27.31||||
76815|TC|39.66||||
76816|TC|33.18||||
76817|TC|51.77||||
76819|TC|45.48||||
76820|TC|18.59||||
76821|TC|51.96||||
76825|TC|58.67||||
76826|TC|45.26||||
76827|TC|36.84||||
76828|TC|16.66||||
76830|TC|49.38||||
76831|TC|53.62||||
76856|TC|47.36||||
76857|TC|21.08||||
76870|TC|32.88||||
76872|TC|45.33||||
76873|TC|60.45||||
76881|TC|45.1||||
76882|TC|8.66||||
76885|TC|57.83||||
76886|TC|50.18||||
76932|TC|40.16||||
76937|TC|15.76||||
76940|TC|83.82||||
76941|TC|51.96||||
76942|TC|24.3||||
76946|TC|12.03||||
76965|TC|22.14||||
76975|TC|25.87||||
76978|TC|225.16||||
76979|TC|164.39||||
76981|TC|79.52||||
76982|TC|62.16||||
77001|TC|50.21||||
77002|TC|47.22||||
77003|TC|39.82||||
77011|TC|145.62||||
77012|TC|62.19||||
77013|TC|109.36||||
77014|TC|68.35||||
77021|TC|304.41||||
77022|TC|25.74||||
77046|TC|157.57||||
77047|TC|157.15||||
77048|TC|261.98||||
77049|TC|260.06||||
77053|TC|35.43||||
77054|TC|47.39||||
77063|TC|22.95||||
77065|TC|84.88||||
77066|TC|109.03||||
77067|TC|89.5||||
77072|TC|11.8||||
77073|TC|19.55||||
77074|TC|37.24||||
77075|TC|54.95||||
77076|TC|41.34||||
77077|TC|19.27||||
77080|TC|26.48||||
77081|TC|15.81||||
77085|TC|35.56||||
77086|TC|23.37||||
77261|TC|36.67||||
77262|TC|55.67||||
77263|TC|86.54||||
77280|TC|70.52||||
77285|TC|111.78||||
77290|TC|132.51||||
77293|TC|325.41||||
77295|TC|248.38||||
77300|TC|29.74||||
77301|TC|989.74||||
77306|TC|68.21||||
77307|TC|125.57||||
77316|TC|104.76||||
77317|TC|136.99||||
77318|TC|188.04||||
77321|TC|40.04||||
77331|TC|16.55||||
77332|TC|25.1||||
77333|TC|28.35||||
77334|TC|63.81||||
77336|TC|33.05||||
77338|TC|247.88||||
77370|TC|57.11||||
77423|TC|52.45||||
77431|TC|47.6||||
77470|TC|32.55||||
77600|TC|142.28||||
77610|TC|157.52||||
77615|TC|207.01||||
77761|TC|164.46||||
77762|TC|192.34||||
77763|TC|247.43||||
77767|TC|157.8||||
77768|TC|260.87||||
77770|TC|203.62||||
77771|TC|373.12||||
77772|TC|587.55||||
77778|TC|345.26||||
77789|TC|55.5||||
77790|TC|6.49||||
78013|TC|164.37||||
78014|TC|200.3||||
78015|TC|70.39||||
78016|TC|97.44||||
78018|TC|114.22||||
78020|TC|20.16||||
78070|TC|84.58||||
78071|TC|277.75||||
78072|TC|302.88||||
78075|TC|202.57||||
78099|TC|16.33||||
78102|TC|80.19||||
78110|TC|31.5||||
78111|TC|47.17||||
78120|TC|46.2||||
78121|TC|60.65||||
78122|TC|70.66||||
78130|TC|71.81||||
78140|TC|69.22||||
78185|TC|78.73||||
78191|TC|95.75||||
78195|TC|161.12||||
78201|TC|70.1||||
78202|TC|106.92||||
78215|TC|77.0||||
78216|TC|91.04||||
78226|TC|268.21||||
78227|TC|371.77||||
78230|TC|53.32||||
78231|TC|57.54||||
78232|TC|70.95||||
78258|TC|109.95||||
78261|TC|95.16||||
78262|TC|95.16||||
78264|TC|279.78||||
78265|TC|326.59||||
78266|TC|366.01||||
78278|TC|112.93||||
78282|TC|34.78||||
78290|TC|98.41||||
78291|TC|119.94||||
78300|TC|67.96||||
78305|TC|94.85||||
78306|TC|119.88||||
78315|TC|114.06||||
78414|TC|67.49||||
78429|TC|61.62||||
78430|TC|58.46||||
78431|TC|68.08||||
78432|TC|72.43||||
78433|TC|79.16||||
78434|TC|22.98||||
78445|TC|106.33||||
78451|TC|165.58||||
78452|TC|295.9||||
78453|TC|150.11||||
78454|TC|144.75||||
78456|TC|127.83||||
78457|TC|56.07||||
78458|TC|75.46||||
78466|TC|73.52||||
78468|TC|95.1||||
78472|TC|135.89||||
78473|TC|193.13||||
78481|TC|120.56||||
78483|TC|161.05||||
78494|TC|159.59||||
78496|TC|18.39||||
78579|TC|138.99||||
78580|TC|96.75||||
78582|TC|250.19||||
78597|TC|149.18||||
78598|TC|240.93||||
78600|TC|104.44||||
78601|TC|124.01||||
78605|TC|118.03||||
78606|TC|144.85||||
78610|TC|37.0||||
78630|TC|153.96||||
78635|TC|137.41||||
78645|TC|137.41||||
78650|TC|136.11||||
78660|TC|75.27||||
78700|TC|68.54||||
78701|TC|107.85||||
78707|TC|158.22||||
78708|TC|107.36||||
78709|TC|151.58||||
78725|TC|64.69||||
78730|TC|59.27||||
78740|TC|60.08||||
78761|TC|73.54||||
78800|TC|74.86||||
78801|TC|113.86||||
78802|TC|136.31||||
78804|TC|174.52||||
78811|TC|1722.95||||
78812|TC|1722.95||||
78813|TC|1722.95||||
78814|TC|1807.95||||
78815|TC|1807.95||||
78816|TC|1807.95||||
78830|TC|399.83||||
78831|TC|591.16||||
78832|TC|779.6||||
78835|TC|75.79||||
79005|TC|45.26||||
79101|TC|44.15||||
79200|TC|42.57||||
79300|TC|51.92||||
79403|TC|74.97||||
79445|TC|40.1||||
G0279|TC|22.95||||
G6001|TC|19.9||||
G6002|TC|50.62||||
S8037|TC|393.56||||
