SVC_CD|MODIFIER_1|FEE|AGE_UNIT|FROM_AGE|THROUGH_AGE|PLACE_OF_SERVICE_CODE
70010||50.04||||
70015||89.01||||
70030||24.68||||
70100||25.1||||
70110||34.04||||
70120||25.98||||
70130||45.84||||
70134||45.84||||
70140||25.98||||
70150||37.28||||
70160||24.79||||
70170||43.28||||
70190||25.98||||
70200||37.89||||
70210||21.62||||
70220||33.35||||
70240||21.62||||
70250||25.98||||
70260||40.22||||
70300||8.63||||
70310||17.3||||
70320||34.61||||
70328||24.45||||
70330||38.09||||
70332||68.0||||
70350||14.55||||
70355||16.04||||
70360||17.3||||
70370||38.09||||
70380||27.7||||
70390||41.33||||
70450||101.27||||
70460||142.83||||
70470||168.04||||
70480||152.34||||
70481||175.41||||
70482||206.28||||
70486||123.35||||
70487||146.65||||
70488||179.54||||
70490||144.01||||
70491||178.55||||
70492||214.84||||
70496||266.02||||
70498||265.18||||
70540||222.97||||
70542||264.84||||
70543||333.68||||
70544||210.94||||
70545||222.78||||
70546||324.17||||
70547||211.59||||
70548||240.58||||
70549||339.06||||
70551||190.16||||
70552||264.23||||
70553||311.06||||
70554||373.98||||
70555||99.01||||
70557||171.75||||
70558||177.25||||
70559||166.78||||
71045||17.67||||
71046||27.48||||
71047||35.27||||
71048||37.87||||
71100||27.16||||
71101||32.32||||
71110||33.31||||
71111||42.4||||
71120||25.98||||
71130||25.98||||
71250||127.32||||
71260||160.94||||
71270||191.61||||
71271||131.79||||
71275||270.91||||
71550||338.6||||
71551||374.13||||
71552||472.42||||
71555||329.74||||
72020||17.3||||
72040||25.98||||
72050||40.0||||
72052||50.31||||
72070||28.04||||
72072||30.83||||
72074||35.11||||
72080||27.39||||
72081||34.72||||
72082||56.31||||
72083||61.12||||
72084||73.11||||
72100||30.29||||
72110||43.85||||
72114||52.91||||
72120||34.61||||
72125||124.99||||
72126||163.08||||
72127||192.38||||
72128||124.68||||
72129||164.34||||
72130||193.14||||
72131||124.34||||
72132||163.08||||
72133||192.07||||
72141||185.65||||
72142||270.65||||
72146||185.35||||
72147||267.74||||
72148||186.0||||
72149||265.53||||
72156||313.24||||
72157||313.58||||
72158||312.29||||
72159||340.97||||
72170||21.62||||
72190||31.55||||
72191||274.89||||
72192||127.59||||
72193||204.45||||
72194||236.34||||
72195||226.34||||
72196||265.03||||
72197||332.91||||
72198||331.39||||
72200||21.62||||
72202||29.57||||
72220||25.02||||
72240||87.55||||
72255||87.02||||
72265||81.98||||
72270||112.92||||
72285||100.47||||
72295||87.48||||
73000||20.78||||
73010||21.39||||
73020||17.3||||
73030||25.86||||
73040||50.69||||
73050||25.9||||
73060||20.78||||
73070||20.78||||
73080||25.98||||
73085||71.82||||
73090||20.78||||
73092||20.78||||
73100||17.3||||
73110||25.14||||
73115||41.14||||
73120||17.3||||
73130||25.14||||
73140||15.59||||
73200||158.57||||
73201||196.77||||
73202||247.35||||
73206||291.05||||
73218||303.23||||
73219||329.93||||
73220||390.48||||
73221||197.26||||
73222||312.36||||
73223||386.13||||
73225||338.3||||
73501||26.51||||
73502||37.28||||
73503||46.57||||
73521||34.8||||
73522||43.85||||
73523||51.04||||
73525||75.29||||
73551||24.94||||
73552||29.15||||
73560||19.02||||
73562||23.38||||
73564||27.7||||
73565||19.02||||
73580||69.22||||
73590||20.78||||
73592||20.78||||
73600||19.02||||
73610||25.14||||
73615||75.29||||
73620||17.3||||
73630||24.22||||
73650||19.02||||
73660||15.59||||
73700||124.34||||
73701||161.28||||
73702||189.47||||
73706||316.03||||
73718||220.07||||
73719||258.96||||
73720||333.07||||
73721||196.92||||
73722||313.01||||
73723||384.87||||
73725||330.05||||
74018||24.63||||
74019||30.1||||
74021||35.12||||
74022||39.42||||
74150||131.18||||
74160||208.76||||
74170||237.64||||
74174||351.77||||
74175||277.18||||
74176||174.31||||
74177||281.8||||
74178||319.24||||
74181||190.96||||
74182||299.22||||
74183||333.52||||
74185||332.03||||
74190||34.53||||
74210||38.09||||
74220||38.09||||
74221||99.39||||
74230||51.91||||
74235||120.52||||
74240||102.03||||
74246||115.25||||
74248||74.76||||
74250||94.62||||
74251||364.01||||
74261||413.94||||
74262||468.71||||
74270||51.91||||
74280||62.84||||
74290||38.43||||
74300||43.28||||
74301||21.62||||
74328||115.13||||
74329||115.13||||
74330||115.13||||
74340||63.18||||
74355||103.06||||
74360||108.98||||
74363||132.17||||
74400||65.74||||
74410||86.52||||
74415||99.32||||
74420||56.42||||
74425||50.19||||
74430||33.16||||
74440||38.09||||
74445||51.91||||
74450||41.52||||
74455||60.59||||
74470||43.28||||
74485||83.01||||
74710||32.81||||
74712||401.18||||
74713||193.48||||
74740||46.72||||
75561||361.03||||
75565||45.76||||
75571||81.33||||
75572||218.16||||
75573||292.38||||
75574||312.13||||
75600||178.16||||
75605||110.55||||
75625||114.98||||
75630||142.22||||
75635||342.54||||
75705||211.36||||
75710||136.14||||
75716||146.99||||
75726||130.26||||
75731||139.47||||
75733||154.79||||
75736||129.35||||
75741||119.03||||
75743||134.54||||
75746||122.77||||
75756||145.39||||
75774||75.52||||
75801||129.8||||
75803||129.8||||
75805||130.76||||
75807||138.48||||
75809||24.83||||
75810||392.2||||
75820||61.12||||
75822||93.82||||
75825||103.52||||
75827||109.25||||
75842||145.05||||
75870||133.66||||
75885||123.46||||
75898||103.9||||
75901||99.36||||
75902||64.75||||
75956||326.18||||
75957||279.45||||
75958||186.35||||
75959||163.18||||
75984||67.73||||
75989||104.52||||
76000||27.96||||
76010||23.34||||
76080||41.79||||
76098||14.48||||
76100||57.11||||
76120||52.72||||
76125||30.29||||
76140||18.6||||
76145||762.17||||
76380||127.28||||
76391||199.37||||
76506||62.23||||
76510||63.11||||
76511||51.15||||
76512||43.09||||
76513||66.43||||
76514||10.12||||
76516||42.29||||
76519||54.82||||
76529||58.75||||
76536||59.74||||
76604||53.17||||
76641||96.23||||
76642||78.46||||
76700||83.2||||
76705||60.74||||
76706||85.45||||
76770||80.72||||
76775||51.38||||
76776||110.4||||
76800||80.98||||
76801||78.42||||
76802||55.12||||
76805||94.32||||
76810||80.41||||
76811||158.68||||
76812||119.18||||
76813||108.6||||
76814||68.57||||
76815||62.95||||
76816||51.84||||
76817||82.17||||
76819||76.9||||
76820||38.73||||
76821||82.17||||
76825||81.48||||
76826||59.55||||
76827||57.57||||
76828||34.0||||
76830||67.65||||
76831||75.52||||
76856||67.65||||
76857||42.17||||
76870||59.78||||
76872||67.65||||
76873||107.95||||
76881||53.29||||
76882||26.25||||
76885||76.09||||
76886||67.81||||
76932||66.93||||
76937||28.15||||
76940||139.7||||
76941||112.96||||
76942||50.62||||
76946||28.65||||
76965||79.07||||
76975||47.9||||
76978||279.43||||
76979||186.0||||
76981||97.6||||
76982||87.55||||
76983||53.29||||
76998||116.55||||
77001||63.56||||
77002||66.51||||
77003||56.88||||
77011||199.48||||
77012||111.05||||
77013||160.82||||
77014||105.16||||
77021||366.76||||
77022||171.59||||
77046||208.8||||
77047||214.07||||
77048||331.54||||
77049||337.84||||
77053||49.32||||
77054||63.76||||
77063||47.52||||
77065||117.08||||
77066||148.03||||
77067||119.45||||
77071||24.56||||
77072||19.67||||
77073||32.05||||
77074||56.42||||
77075||78.5||||
77076||63.6||||
77077||33.23||||
77080||34.27||||
77081||25.1||||
77085||47.1||||
77086||30.22||||
77089||37.36||||
77090||2.1||||
77091||26.4||||
77092||8.82||||
77261||61.12||||
77262||92.79||||
77263||144.24||||
77280||80.14||||
77285||127.02||||
77290||155.89||||
77293||387.69||||
77295||429.75||||
77300||56.12||||
77301||1237.18||||
77306||128.69||||
77307||251.14||||
77316||166.29||||
77317||217.44||||
77318||313.4||||
77321||81.71||||
77331||53.4||||
77332||34.34||||
77333||45.73||||
77334||112.19||||
77336||55.08||||
77338||414.16||||
77370||95.19||||
77371||1062.56||||
77372||806.21||||
77373||958.06||||
77401||19.06||||
77402||42.4||||
77407||38.77||||
77412||43.2||||
77417||9.82||||
77423||87.41||||
77427||114.37||||
77431||79.34||||
77432||284.32||||
77435||536.14||||
77469||248.27||||
77470||116.24||||
77600||169.38||||
77610||169.38||||
77615||227.48||||
77750||135.04||||
77761||322.48||||
77762||427.42||||
77763||603.48||||
77767||204.94||||
77768||322.06||||
77770||290.89||||
77771||540.76||||
77772||810.64||||
77778||734.59||||
77789||106.73||||
77790||14.1||||
78013||174.04||||
78014||213.5||||
78015||80.91||||
78016||109.48||||
78018||129.8||||
78020||29.22||||
78070||96.11||||
78071||311.86||||
78072||364.92||||
78075||217.82||||
78099||25.52||||
78102||93.25||||
78110||34.61||||
78111||52.41||||
78120||51.91||||
78121||70.52||||
78122||88.32||||
78130||86.52||||
78140||86.52||||
78185||86.52||||
78191||115.36||||
78195||189.55||||
78201||77.89||||
78202||120.14||||
78215||86.52||||
78216||113.8||||
78226||291.01||||
78227||391.93||||
78230||60.59||||
78231||70.17||||
78232||86.52||||
78258||129.35||||
78261||108.14||||
78262||108.14||||
78264||295.67||||
78265||349.8||||
78266||392.54||||
78278||129.8||||
78282||51.91||||
78290||108.14||||
78291||141.11||||
78300||80.91||||
78305||112.92||||
78306||141.03||||
78315||131.1||||
78414||103.83||||
78429||72.5||||
78430||68.78||||
78431||80.1||||
78432||85.21||||
78433||93.13||||
78434||27.03||||
78445||120.83||||
78451||201.93||||
78452||348.12||||
78453||176.6||||
78454||168.31||||
78456||148.64||||
78457||69.22||||
78458||94.32||||
78466||87.52||||
78468||115.98||||
78472||167.77||||
78473||250.82||||
78481||158.03||||
78483||215.26||||
78494||203.76||||
78496||38.31||||
78579||157.94||||
78580||112.5||||
78582||290.92||||
78597||177.59||||
78598||271.3||||
78600||117.35||||
78601||137.79||||
78605||134.12||||
78606||159.18||||
78610||40.22||||
78630||169.19||||
78635||149.36||||
78645||149.36||||
78650||147.95||||
78660||86.52||||
78700||77.89||||
78701||119.83||||
78707||192.95||||
78708||155.59||||
78709||182.63||||
78725||77.01||||
78730||65.86||||
78740||67.5||||
78761||86.52||||
78800||89.12||||
78801||132.4||||
78802||154.9||||
78804||189.7||||
78808||36.25||||
78811||2027.0||||
78812||2027.0||||
78813||2027.0||||
78814||2127.0||||
78815||2127.0||||
78816||2127.0||||
78830||432.46||||
78831||631.33||||
78832||822.94||||
78835||88.62||||
79005||119.11||||
79101||126.14||||
79200||103.83||||
79300||259.61||||
79403||142.26||||
79445||200.5||||
A9500||97.36||||
A9502||96.84||||
A9503||18.87||||
A9504||380.0||||
A9505||26.58||||
A9507||2252.27||||
A9508||460.96||||
A9510||34.83||||
A9516||83.74||||
A9517||152.28||||
A9521||454.09||||
A9524||45.45||||
A9526||659.0||||
A9528||30.46||||
A9536||608.0||||
A9537||45.36||||
A9538||64.05||||
A9539||13.0||||
A9540||30.0||||
A9541||42.56||||
A9547||233.29||||
A9548||619.79||||
A9551||101.3||||
A9552||360.0||||
A9553||168.04||||
A9554||467.05||||
A9556||135.02||||
A9557||339.34||||
A9558||226.54||||
A9559||129.94||||
A9560||51.8||||
A9561||22.43||||
A9562||306.98||||
A9563||98.18||||
A9564||525.62||||
A9566||794.81||||
A9567||61.74||||
A9576||1.43||||
A9577||1.9||||
A9578||1.81||||
A9579||1.58||||
A9581||14.78||||
A9585||0.34||||
A9589||4156.92||||
A9600||706.23||||
G0279||47.52||||
G6001||45.23||||
G6002||67.5||||
G6003||138.93||||
G6004||115.02||||
G6005||124.88||||
G6006||124.88||||
G6007||230.04||||
G6008||159.06||||
G6009||171.56||||
G6010||170.6||||
G6011||227.67||||
G6012||209.41||||
G6013||228.02||||
G6014||226.72||||
G6015||333.22||||
G6016||332.68||||
Q0092||14.27||||
Q9953||24.33||||
Q9954||7.18||||
Q9956||30.5||||
Q9957||48.27||||
Q9958||0.08||||
Q9960||0.22||||
Q9961||0.24||||
Q9962||0.15||||
Q9963||0.23||||
Q9964||0.16||||
Q9965||0.78||||
Q9966||0.32||||
Q9967||0.12||||
Q9983||2800.0||||
R0070||174.06||||
S8037||562.23||||
70010|26|19.52||||
70015|26|33.82||||
70030|26|7.16||||
70100|26|6.53||||
70110|26|10.89||||
70120|26|6.75||||
70130|26|13.75||||
70134|26|15.13||||
70140|26|8.83||||
70150|26|11.56||||
70160|26|6.45||||
70170|26|13.42||||
70190|26|7.79||||
70200|26|12.12||||
70210|26|6.05||||
70220|26|10.67||||
70240|26|6.7||||
70250|26|8.83||||
70260|26|14.88||||
70300|26|3.37||||
70310|26|3.63||||
70320|26|7.61||||
70328|26|7.09||||
70330|26|9.52||||
70332|26|25.16||||
70350|26|7.28||||
70355|26|8.34||||
70360|26|5.02||||
70370|26|7.62||||
70380|26|6.65||||
70390|26|7.85||||
70450|26|35.44||||
70460|26|47.13||||
70470|26|53.77||||
70480|26|39.61||||
70481|26|42.1||||
70482|26|47.44||||
70486|26|35.77||||
70487|26|46.93||||
70488|26|53.86||||
70490|26|46.08||||
70491|26|49.99||||
70492|26|53.71||||
70496|26|74.49||||
70498|26|74.25||||
70540|26|46.82||||
70542|26|60.91||||
70543|26|80.08||||
70544|26|29.53||||
70545|26|31.19||||
70546|26|45.38||||
70547|26|29.62||||
70548|26|33.68||||
70549|26|47.47||||
70551|26|58.95||||
70552|26|71.34||||
70553|26|90.21||||
70554|26|82.28||||
70555|26|99.01||||
70557|26|51.52||||
70558|26|53.18||||
70559|26|33.36||||
71045|26|7.95||||
71046|26|9.34||||
71047|26|12.34||||
71048|26|14.01||||
71100|26|8.96||||
71101|26|11.64||||
71110|26|11.66||||
71111|26|13.99||||
71120|26|8.57||||
71130|26|7.79||||
71250|26|34.38||||
71260|26|41.84||||
71270|26|45.99||||
71271|26|44.81||||
71275|26|78.56||||
71550|26|57.56||||
71551|26|67.34||||
71552|26|85.04||||
71555|26|69.25||||
72020|26|5.88||||
72040|26|8.57||||
72050|26|13.2||||
72052|26|15.6||||
72070|26|8.97||||
72072|26|9.25||||
72074|26|9.48||||
72080|26|9.31||||
72081|26|11.46||||
72082|26|14.08||||
72083|26|15.28||||
72084|26|17.55||||
72100|26|9.39||||
72110|26|13.59||||
72114|26|13.23||||
72120|26|9.34||||
72125|26|35.0||||
72126|26|40.77||||
72127|26|42.32||||
72128|26|32.42||||
72129|26|41.08||||
72130|26|42.49||||
72131|26|32.33||||
72132|26|40.77||||
72133|26|42.26||||
72141|26|59.41||||
72142|26|70.37||||
72146|26|57.46||||
72147|26|69.61||||
72148|26|59.52||||
72149|26|69.04||||
72156|26|90.84||||
72157|26|90.94||||
72158|26|90.56||||
72159|26|71.6||||
72170|26|5.62||||
72190|26|8.52||||
72191|26|76.97||||
72192|26|45.93||||
72193|26|49.07||||
72194|26|51.99||||
72195|26|40.74||||
72196|26|53.01||||
72197|26|69.91||||
72198|26|69.59||||
72200|26|6.49||||
72202|26|7.98||||
72220|26|7.51||||
72240|26|38.52||||
72255|26|40.03||||
72265|26|35.25||||
72270|26|57.59||||
72285|26|52.24||||
72295|26|36.74||||
73000|26|6.03||||
73010|26|6.2||||
73020|26|5.88||||
73030|26|8.02||||
73040|26|13.18||||
73050|26|7.25||||
73060|26|5.82||||
73070|26|5.82||||
73080|26|7.01||||
73085|26|20.83||||
73090|26|6.44||||
73092|26|5.82||||
73100|26|4.84||||
73110|26|6.03||||
73115|26|10.28||||
73120|26|5.36||||
73130|26|6.79||||
73140|26|3.27||||
73200|26|41.23||||
73201|26|49.19||||
73202|26|51.94||||
73206|26|75.67||||
73218|26|54.58||||
73219|26|62.69||||
73220|26|78.1||||
73221|26|53.26||||
73222|26|62.47||||
73223|26|84.95||||
73225|26|67.66||||
73501|26|8.22||||
73502|26|9.69||||
73503|26|12.11||||
73521|26|9.74||||
73522|26|12.72||||
73523|26|13.78||||
73525|26|20.33||||
73551|26|7.23||||
73552|26|8.16||||
73560|26|4.95||||
73562|26|5.84||||
73564|26|7.48||||
73565|26|4.37||||
73580|26|15.92||||
73590|26|5.82||||
73592|26|5.82||||
73600|26|5.14||||
73610|26|6.79||||
73615|26|19.58||||
73620|26|4.84||||
73630|26|6.78||||
73650|26|5.52||||
73660|26|3.59||||
73700|26|32.33||||
73701|26|38.71||||
73702|26|39.79||||
73706|26|79.01||||
73718|26|37.41||||
73719|26|49.2||||
73720|26|66.61||||
73721|26|53.17||||
73722|26|62.6||||
73723|26|84.67||||
73725|26|69.31||||
74018|26|7.88||||
74019|26|9.93||||
74021|26|11.59||||
74022|26|13.8||||
74150|26|49.85||||
74160|26|54.28||||
74170|26|59.41||||
74174|26|94.98||||
74175|26|77.61||||
74176|26|73.21||||
74177|26|78.9||||
74178|26|86.19||||
74181|26|40.1||||
74182|26|53.86||||
74183|26|70.04||||
74185|26|69.73||||
74190|26|9.32||||
74210|26|8.38||||
74220|26|9.52||||
74221|26|30.81||||
74230|26|10.38||||
74235|26|48.21||||
74240|26|29.59||||
74246|26|29.96||||
74248|26|30.65||||
74250|26|20.82||||
74251|26|29.12||||
74261|26|82.79||||
74262|26|84.37||||
74270|26|11.42||||
74280|26|13.82||||
74290|26|8.45||||
74300|26|14.28||||
74301|26|7.13||||
74328|26|37.99||||
74329|26|37.99||||
74330|26|37.99||||
74340|26|50.54||||
74355|26|41.22||||
74360|26|43.59||||
74363|26|52.87||||
74400|26|13.81||||
74410|26|18.17||||
74415|26|16.88||||
74420|26|18.62||||
74425|26|16.56||||
74430|26|13.6||||
74440|26|8.38||||
74445|26|17.13||||
74450|26|13.7||||
74455|26|11.51||||
74470|26|14.72||||
74485|26|22.41||||
74710|26|14.76||||
74712|26|120.35||||
74713|26|73.52||||
74740|26|11.21||||
75561|26|104.7||||
75565|26|9.61||||
75571|26|21.96||||
75572|26|63.27||||
75573|26|90.64||||
75574|26|84.28||||
75600|26|19.6||||
75605|26|42.01||||
75625|26|43.69||||
75630|26|69.69||||
75635|26|102.76||||
75705|26|93.0||||
75710|26|44.93||||
75716|26|47.04||||
75726|26|45.59||||
75731|26|44.63||||
75733|26|51.08||||
75736|26|42.69||||
75741|26|47.61||||
75743|26|61.89||||
75746|26|42.97||||
75756|26|45.07||||
75774|26|14.35||||
75801|26|42.83||||
75803|26|42.83||||
75805|26|52.3||||
75807|26|55.39||||
75809|26|5.71||||
75810|26|129.43||||
75820|26|17.11||||
75822|26|33.78||||
75825|26|40.37||||
75827|26|41.52||||
75842|26|56.57||||
75870|26|49.45||||
75885|26|51.85||||
75898|26|34.29||||
75901|26|11.92||||
75902|26|16.19||||
75956|26|260.94||||
75957|26|223.56||||
75958|26|149.08||||
75959|26|130.54||||
75984|26|21.0||||
75989|26|48.08||||
76000|26|4.75||||
76010|26|7.7||||
76080|26|19.22||||
76098|26|6.81||||
76100|26|18.85||||
76120|26|11.6||||
76125|26|10.3||||
76380|26|40.73||||
76391|26|43.86||||
76506|26|16.18||||
76510|26|32.19||||
76511|26|26.09||||
76512|26|24.13||||
76513|26|23.91||||
76514|26|6.48||||
76516|26|16.07||||
76519|26|19.74||||
76529|26|22.91||||
76536|26|13.74||||
76604|26|15.42||||
76641|26|30.79||||
76642|26|29.03||||
76700|26|25.79||||
76705|26|18.83||||
76706|26|23.93||||
76770|26|25.02||||
76775|26|24.15||||
76776|26|25.39||||
76800|26|32.39||||
76801|26|30.58||||
76802|26|35.28||||
76805|26|31.13||||
76810|26|40.2||||
76811|26|80.93||||
76812|26|51.25||||
76813|26|52.13||||
76814|26|41.83||||
76815|26|23.29||||
76816|26|18.66||||
76817|26|30.4||||
76819|26|32.3||||
76820|26|20.14||||
76821|26|30.4||||
76825|26|22.81||||
76826|26|14.29||||
76827|26|20.73||||
76828|26|17.34||||
76830|26|18.27||||
76831|26|21.9||||
76856|26|20.3||||
76857|26|21.08||||
76870|26|26.9||||
76872|26|22.32||||
76873|26|47.5||||
76881|26|13.32||||
76882|26|17.59||||
76885|26|18.26||||
76886|26|17.63||||
76932|26|26.77||||
76937|26|12.39||||
76940|26|55.88||||
76941|26|61.0||||
76942|26|26.32||||
76946|26|16.62||||
76965|26|56.93||||
76975|26|22.03||||
76978|26|64.27||||
76979|26|33.48||||
76981|26|18.54||||
76982|26|25.39||||
77001|26|13.35||||
77002|26|19.29||||
77003|26|17.06||||
77011|26|53.86||||
77012|26|48.86||||
77013|26|51.46||||
77014|26|36.81||||
77021|26|62.35||||
77022|26|145.85||||
77046|26|58.46||||
77047|26|64.22||||
77048|26|82.88||||
77049|26|91.22||||
77053|26|14.8||||
77054|26|17.85||||
77063|26|25.19||||
77065|26|32.78||||
77066|26|39.97||||
77067|26|31.06||||
77072|26|7.87||||
77073|26|12.5||||
77074|26|19.18||||
77075|26|23.55||||
77076|26|22.26||||
77077|26|13.96||||
77080|26|8.22||||
77081|26|9.29||||
77085|26|12.25||||
77086|26|7.25||||
77089|26|37.36||||
77092|26|8.82||||
77261|26|24.45||||
77262|26|37.12||||
77263|26|57.7||||
77280|26|9.62||||
77285|26|15.24||||
77290|26|23.38||||
77293|26|81.41||||
77295|26|184.79||||
77300|26|26.38||||
77301|26|247.44||||
77306|26|60.48||||
77307|26|125.57||||
77316|26|61.53||||
77317|26|80.45||||
77318|26|125.36||||
77321|26|41.67||||
77331|26|36.85||||
77332|26|11.33||||
77333|26|17.38||||
77334|26|49.36||||
77336|26|22.03||||
77338|26|173.95||||
77370|26|38.08||||
77423|26|34.96||||
77431|26|31.74||||
77470|26|83.69||||
77600|26|27.1||||
77610|26|11.86||||
77615|26|20.47||||
77761|26|158.02||||
77762|26|235.08||||
77763|26|356.05||||
77767|26|47.14||||
77768|26|61.19||||
77770|26|87.27||||
77771|26|167.64||||
77772|26|235.09||||
77778|26|389.33||||
77789|26|51.23||||
77790|26|7.61||||
78013|26|15.66||||
78014|26|19.22||||
78015|26|10.52||||
78016|26|12.04||||
78018|26|15.58||||
78020|26|9.06||||
78070|26|11.53||||
78071|26|46.78||||
78072|26|62.04||||
78075|26|15.25||||
78099|26|9.19||||
78102|26|13.06||||
78110|26|3.11||||
78111|26|5.24||||
78120|26|5.71||||
78121|26|9.87||||
78122|26|17.66||||
78130|26|14.71||||
78140|26|17.3||||
78185|26|7.79||||
78191|26|19.61||||
78195|26|28.43||||
78201|26|7.79||||
78202|26|13.22||||
78215|26|9.52||||
78216|26|22.76||||
78226|26|29.1||||
78227|26|35.27||||
78230|26|7.27||||
78231|26|12.63||||
78232|26|15.57||||
78258|26|19.4||||
78261|26|12.98||||
78262|26|12.98||||
78264|26|29.57||||
78265|26|38.48||||
78266|26|39.25||||
78278|26|16.87||||
78282|26|17.13||||
78290|26|9.73||||
78291|26|21.17||||
78300|26|12.95||||
78305|26|18.07||||
78306|26|21.15||||
78315|26|17.04||||
78414|26|36.34||||
78429|26|10.88||||
78430|26|10.32||||
78431|26|12.01||||
78432|26|12.78||||
78433|26|13.97||||
78434|26|4.05||||
78445|26|14.5||||
78451|26|36.35||||
78452|26|52.22||||
78453|26|26.49||||
78454|26|23.56||||
78456|26|20.81||||
78457|26|13.15||||
78458|26|18.86||||
78466|26|14.0||||
78468|26|20.88||||
78472|26|31.88||||
78473|26|57.69||||
78481|26|39.51||||
78483|26|58.12||||
78494|26|48.9||||
78496|26|19.92||||
78579|26|18.95||||
78580|26|15.75||||
78582|26|40.73||||
78597|26|28.41||||
78598|26|32.56||||
78600|26|12.91||||
78601|26|13.78||||
78605|26|16.09||||
78606|26|14.33||||
78610|26|3.22||||
78630|26|15.23||||
78635|26|11.95||||
78645|26|11.95||||
78650|26|11.84||||
78660|26|11.25||||
78700|26|9.35||||
78701|26|11.98||||
78707|26|34.73||||
78708|26|48.23||||
78709|26|31.05||||
78725|26|12.32||||
78730|26|6.59||||
78740|26|7.42||||
78761|26|12.98||||
78800|26|14.26||||
78801|26|18.54||||
78802|26|18.59||||
78804|26|15.18||||
78811|26|304.05||||
78812|26|304.05||||
78813|26|304.05||||
78814|26|319.05||||
78815|26|319.05||||
78816|26|319.05||||
78830|26|56.22||||
78831|26|69.45||||
78832|26|82.29||||
78835|26|17.72||||
79005|26|73.85||||
79101|26|81.99||||
79200|26|61.26||||
79300|26|207.69||||
79403|26|78.24||||
79445|26|160.4||||
G0279|26|25.19||||
G6001|26|25.33||||
G6002|26|16.88||||
S8037|26|168.67||||
70010|TC|30.52||||
70015|TC|55.19||||
70030|TC|17.52||||
70100|TC|18.57||||
70110|TC|23.15||||
70120|TC|19.23||||
70130|TC|32.09||||
70134|TC|30.71||||
70140|TC|17.15||||
70150|TC|25.72||||
70160|TC|18.34||||
70170|TC|29.86||||
70190|TC|18.19||||
70200|TC|25.77||||
70210|TC|15.57||||
70220|TC|22.68||||
70240|TC|14.92||||
70250|TC|17.15||||
70260|TC|25.34||||
70300|TC|5.26||||
70310|TC|13.67||||
70320|TC|27.0||||
70328|TC|17.36||||
70330|TC|28.57||||
70332|TC|42.84||||
70350|TC|7.28||||
70355|TC|7.7||||
70360|TC|12.28||||
70370|TC|30.47||||
70380|TC|21.05||||
70390|TC|33.48||||
70450|TC|65.83||||
70460|TC|95.7||||
70470|TC|114.27||||
70480|TC|112.73||||
70481|TC|133.31||||
70482|TC|158.84||||
70486|TC|87.58||||
70487|TC|99.72||||
70488|TC|125.68||||
70490|TC|97.93||||
70491|TC|128.56||||
70492|TC|161.13||||
70496|TC|191.53||||
70498|TC|190.93||||
70540|TC|176.15||||
70542|TC|203.93||||
70543|TC|253.6||||
70544|TC|181.41||||
70545|TC|191.59||||
70546|TC|278.79||||
70547|TC|181.97||||
70548|TC|206.9||||
70549|TC|291.59||||
70551|TC|131.21||||
70552|TC|192.89||||
70553|TC|220.85||||
70554|TC|291.7||||
70557|TC|120.22||||
70558|TC|124.07||||
70559|TC|133.42||||
71045|TC|9.72||||
71046|TC|18.14||||
71047|TC|22.93||||
71048|TC|23.86||||
71100|TC|18.2||||
71101|TC|20.68||||
71110|TC|21.65||||
71111|TC|28.41||||
71120|TC|17.41||||
71130|TC|18.19||||
71250|TC|92.94||||
71260|TC|119.1||||
71270|TC|145.62||||
71271|TC|86.98||||
71275|TC|192.35||||
71550|TC|281.04||||
71551|TC|306.79||||
71552|TC|387.38||||
71555|TC|260.49||||
72020|TC|11.42||||
72040|TC|17.41||||
72050|TC|26.8||||
72052|TC|34.71||||
72070|TC|19.07||||
72072|TC|21.58||||
72074|TC|25.63||||
72080|TC|18.08||||
72081|TC|23.26||||
72082|TC|42.23||||
72083|TC|45.84||||
72084|TC|55.56||||
72100|TC|20.9||||
72110|TC|30.26||||
72114|TC|39.68||||
72120|TC|25.27||||
72125|TC|89.99||||
72126|TC|122.31||||
72127|TC|150.06||||
72128|TC|92.26||||
72129|TC|123.26||||
72130|TC|150.65||||
72131|TC|92.01||||
72132|TC|122.31||||
72133|TC|149.81||||
72141|TC|126.24||||
72142|TC|200.28||||
72146|TC|127.89||||
72147|TC|198.13||||
72148|TC|126.48||||
72149|TC|196.49||||
72156|TC|222.4||||
72157|TC|222.64||||
72158|TC|221.73||||
72159|TC|269.37||||
72170|TC|16.0||||
72190|TC|23.03||||
72191|TC|197.92||||
72192|TC|81.66||||
72193|TC|155.38||||
72194|TC|184.35||||
72195|TC|185.6||||
72196|TC|212.02||||
72197|TC|263.0||||
72198|TC|261.8||||
72200|TC|15.13||||
72202|TC|21.59||||
72220|TC|17.51||||
72240|TC|49.03||||
72255|TC|46.99||||
72265|TC|46.73||||
72270|TC|55.33||||
72285|TC|48.23||||
72295|TC|50.74||||
73000|TC|14.75||||
73010|TC|15.19||||
73020|TC|11.42||||
73030|TC|17.84||||
73040|TC|37.51||||
73050|TC|18.65||||
73060|TC|14.96||||
73070|TC|14.96||||
73080|TC|18.97||||
73085|TC|50.99||||
73090|TC|14.34||||
73092|TC|14.96||||
73100|TC|12.46||||
73110|TC|19.11||||
73115|TC|30.86||||
73120|TC|11.94||||
73130|TC|18.35||||
73140|TC|12.32||||
73200|TC|117.34||||
73201|TC|147.58||||
73202|TC|195.41||||
73206|TC|215.38||||
73218|TC|248.65||||
73219|TC|267.24||||
73220|TC|312.38||||
73221|TC|144.0||||
73222|TC|249.89||||
73223|TC|301.18||||
73225|TC|270.64||||
73501|TC|18.29||||
73502|TC|27.59||||
73503|TC|34.46||||
73521|TC|25.06||||
73522|TC|31.13||||
73523|TC|37.26||||
73525|TC|54.96||||
73551|TC|17.71||||
73552|TC|20.99||||
73560|TC|14.07||||
73562|TC|17.54||||
73564|TC|20.22||||
73565|TC|14.65||||
73580|TC|53.3||||
73590|TC|14.96||||
73592|TC|14.96||||
73600|TC|13.88||||
73610|TC|18.35||||
73615|TC|55.71||||
73620|TC|12.46||||
73630|TC|17.44||||
73650|TC|13.5||||
73660|TC|12.0||||
73700|TC|92.01||||
73701|TC|122.57||||
73702|TC|149.68||||
73706|TC|237.02||||
73718|TC|182.66||||
73719|TC|209.76||||
73720|TC|266.46||||
73721|TC|143.75||||
73722|TC|250.41||||
73723|TC|300.2||||
73725|TC|260.74||||
74018|TC|16.75||||
74019|TC|20.17||||
74021|TC|23.53||||
74022|TC|25.62||||
74150|TC|81.33||||
74160|TC|154.48||||
74170|TC|178.23||||
74174|TC|256.79||||
74175|TC|199.57||||
74176|TC|101.1||||
74177|TC|202.9||||
74178|TC|233.05||||
74181|TC|150.86||||
74182|TC|245.36||||
74183|TC|263.48||||
74185|TC|262.3||||
74190|TC|25.21||||
74210|TC|29.71||||
74220|TC|28.57||||
74221|TC|68.58||||
74230|TC|41.53||||
74235|TC|72.31||||
74240|TC|72.44||||
74246|TC|85.28||||
74248|TC|44.11||||
74250|TC|73.8||||
74251|TC|334.89||||
74261|TC|331.15||||
74262|TC|384.34||||
74270|TC|40.49||||
74280|TC|49.02||||
74290|TC|29.98||||
74300|TC|29.0||||
74301|TC|14.49||||
74328|TC|77.14||||
74329|TC|77.14||||
74330|TC|77.14||||
74340|TC|12.64||||
74355|TC|61.84||||
74360|TC|65.39||||
74363|TC|79.3||||
74400|TC|51.93||||
74410|TC|68.35||||
74415|TC|82.44||||
74420|TC|37.8||||
74425|TC|33.63||||
74430|TC|19.56||||
74440|TC|29.71||||
74445|TC|34.78||||
74450|TC|27.82||||
74455|TC|49.08||||
74470|TC|28.56||||
74485|TC|60.6||||
74710|TC|18.05||||
74712|TC|280.83||||
74713|TC|119.96||||
74740|TC|35.51||||
75561|TC|256.33||||
75565|TC|36.15||||
75571|TC|59.37||||
75572|TC|154.89||||
75573|TC|201.74||||
75574|TC|227.85||||
75600|TC|158.56||||
75605|TC|68.54||||
75625|TC|71.29||||
75630|TC|72.53||||
75635|TC|239.78||||
75705|TC|118.36||||
75710|TC|91.21||||
75716|TC|99.95||||
75726|TC|84.67||||
75731|TC|94.84||||
75733|TC|103.71||||
75736|TC|86.66||||
75741|TC|71.42||||
75743|TC|72.65||||
75746|TC|79.8||||
75756|TC|100.32||||
75774|TC|61.17||||
75801|TC|86.97||||
75803|TC|86.97||||
75805|TC|78.46||||
75807|TC|83.09||||
75809|TC|19.12||||
75810|TC|262.77||||
75820|TC|44.01||||
75822|TC|60.04||||
75825|TC|63.15||||
75827|TC|67.74||||
75842|TC|88.48||||
75870|TC|84.21||||
75885|TC|71.61||||
75898|TC|69.61||||
75901|TC|87.44||||
75902|TC|48.56||||
75956|TC|65.24||||
75957|TC|55.89||||
75958|TC|37.27||||
75959|TC|32.64||||
75984|TC|46.73||||
75989|TC|56.44||||
76000|TC|23.21||||
76010|TC|15.64||||
76080|TC|22.57||||
76098|TC|7.67||||
76100|TC|38.26||||
76120|TC|41.12||||
76125|TC|19.99||||
76380|TC|86.55||||
76391|TC|155.51||||
76506|TC|46.05||||
76510|TC|30.92||||
76511|TC|25.06||||
76512|TC|18.96||||
76513|TC|42.52||||
76514|TC|3.64||||
76516|TC|26.22||||
76519|TC|35.08||||
76529|TC|35.84||||
76536|TC|46.0||||
76604|TC|37.75||||
76641|TC|65.44||||
76642|TC|49.43||||
76700|TC|57.41||||
76705|TC|41.91||||
76706|TC|61.52||||
76770|TC|55.7||||
76775|TC|27.23||||
76776|TC|85.01||||
76800|TC|48.59||||
76801|TC|47.84||||
76802|TC|19.84||||
76805|TC|63.19||||
76810|TC|40.2||||
76811|TC|77.75||||
76812|TC|67.93||||
76813|TC|56.47||||
76814|TC|26.74||||
76815|TC|39.66||||
76816|TC|33.18||||
76817|TC|51.77||||
76819|TC|44.6||||
76820|TC|18.59||||
76821|TC|51.77||||
76825|TC|58.67||||
76826|TC|45.26||||
76827|TC|36.84||||
76828|TC|16.66||||
76830|TC|49.38||||
76831|TC|53.62||||
76856|TC|47.36||||
76857|TC|21.08||||
76870|TC|32.88||||
76872|TC|45.33||||
76873|TC|60.45||||
76881|TC|39.97||||
76882|TC|8.66||||
76885|TC|57.83||||
76886|TC|50.18||||
76932|TC|40.16||||
76937|TC|15.76||||
76940|TC|83.82||||
76941|TC|51.96||||
76942|TC|24.3||||
76946|TC|12.03||||
76965|TC|22.14||||
76975|TC|25.87||||
76978|TC|215.16||||
76979|TC|152.52||||
76981|TC|79.06||||
76982|TC|62.16||||
77001|TC|50.21||||
77002|TC|47.22||||
77003|TC|39.82||||
77011|TC|145.62||||
77012|TC|62.19||||
77013|TC|109.36||||
77014|TC|68.35||||
77021|TC|304.41||||
77022|TC|25.74||||
77046|TC|150.34||||
77047|TC|149.85||||
77048|TC|248.66||||
77049|TC|246.62||||
77053|TC|34.52||||
77054|TC|45.91||||
77063|TC|22.33||||
77065|TC|84.3||||
77066|TC|108.06||||
77067|TC|88.39||||
77072|TC|11.8||||
77073|TC|19.55||||
77074|TC|37.24||||
77075|TC|54.95||||
77076|TC|41.34||||
77077|TC|19.27||||
77080|TC|26.05||||
77081|TC|15.81||||
77085|TC|34.85||||
77086|TC|22.97||||
77261|TC|36.67||||
77262|TC|55.67||||
77263|TC|86.54||||
77280|TC|70.52||||
77285|TC|111.78||||
77290|TC|132.51||||
77293|TC|306.28||||
77295|TC|244.96||||
77300|TC|29.74||||
77301|TC|989.74||||
77306|TC|68.21||||
77307|TC|125.57||||
77316|TC|104.76||||
77317|TC|136.99||||
77318|TC|188.04||||
77321|TC|40.04||||
77331|TC|16.55||||
77332|TC|23.01||||
77333|TC|28.35||||
77334|TC|62.83||||
77336|TC|33.05||||
77338|TC|240.21||||
77370|TC|57.11||||
77423|TC|52.45||||
77431|TC|47.6||||
77470|TC|32.55||||
77600|TC|142.28||||
77610|TC|157.52||||
77615|TC|207.01||||
77761|TC|164.46||||
77762|TC|192.34||||
77763|TC|247.43||||
77767|TC|157.8||||
77768|TC|260.87||||
77770|TC|203.62||||
77771|TC|373.12||||
77772|TC|575.55||||
77778|TC|345.26||||
77789|TC|55.5||||
77790|TC|6.49||||
78013|TC|158.38||||
78014|TC|194.28||||
78015|TC|70.39||||
78016|TC|97.44||||
78018|TC|114.22||||
78020|TC|20.16||||
78070|TC|84.58||||
78071|TC|265.08||||
78072|TC|302.88||||
78075|TC|202.57||||
78099|TC|16.33||||
78102|TC|80.19||||
78110|TC|31.5||||
78111|TC|47.17||||
78120|TC|46.2||||
78121|TC|60.65||||
78122|TC|70.66||||
78130|TC|71.81||||
78140|TC|69.22||||
78185|TC|78.73||||
78191|TC|95.75||||
78195|TC|161.12||||
78201|TC|70.1||||
78202|TC|106.92||||
78215|TC|77.0||||
78216|TC|91.04||||
78226|TC|261.91||||
78227|TC|356.66||||
78230|TC|53.32||||
78231|TC|57.54||||
78232|TC|70.95||||
78258|TC|109.95||||
78261|TC|95.16||||
78262|TC|95.16||||
78264|TC|266.1||||
78265|TC|311.32||||
78266|TC|353.29||||
78278|TC|112.93||||
78282|TC|34.78||||
78290|TC|98.41||||
78291|TC|119.94||||
78300|TC|67.96||||
78305|TC|94.85||||
78306|TC|119.88||||
78315|TC|114.06||||
78414|TC|67.49||||
78429|TC|61.62||||
78430|TC|58.46||||
78431|TC|68.08||||
78432|TC|72.43||||
78433|TC|79.16||||
78434|TC|22.98||||
78445|TC|106.33||||
78451|TC|165.58||||
78452|TC|295.9||||
78453|TC|150.11||||
78454|TC|144.75||||
78456|TC|127.83||||
78457|TC|56.07||||
78458|TC|75.46||||
78466|TC|73.52||||
78468|TC|95.1||||
78472|TC|135.89||||
78473|TC|193.13||||
78481|TC|118.52||||
78483|TC|157.14||||
78494|TC|154.86||||
78496|TC|18.39||||
78579|TC|138.99||||
78580|TC|96.75||||
78582|TC|250.19||||
78597|TC|149.18||||
78598|TC|238.74||||
78600|TC|104.44||||
78601|TC|124.01||||
78605|TC|118.03||||
78606|TC|144.85||||
78610|TC|37.0||||
78630|TC|153.96||||
78635|TC|137.41||||
78645|TC|137.41||||
78650|TC|136.11||||
78660|TC|75.27||||
78700|TC|68.54||||
78701|TC|107.85||||
78707|TC|158.22||||
78708|TC|107.36||||
78709|TC|151.58||||
78725|TC|64.69||||
78730|TC|59.27||||
78740|TC|60.08||||
78761|TC|73.54||||
78800|TC|74.86||||
78801|TC|113.86||||
78802|TC|136.31||||
78804|TC|174.52||||
78811|TC|1722.95||||
78812|TC|1722.95||||
78813|TC|1722.95||||
78814|TC|1807.95||||
78815|TC|1807.95||||
78816|TC|1807.95||||
78830|TC|376.24||||
78831|TC|561.88||||
78832|TC|740.65||||
78835|TC|70.9||||
79005|TC|45.26||||
79101|TC|44.15||||
79200|TC|42.57||||
79300|TC|51.92||||
79403|TC|64.02||||
79445|TC|40.1||||
G0279|TC|22.33||||
G6001|TC|19.9||||
G6002|TC|50.62||||
S8037|TC|393.56||||
