SVC_CD|Modifier_1|FEE|ASOFDATE
G0011||23.85|20240309
G0013||9.26|20240309
G0017||195.48|20240309
G0018||97.89|20240309
G0019||52.99|20240309
G0022||36.95|20240309
G0023||52.99|20240309
G0024||36.95|20240309
G0101||29.14|20240309
G0102||9.26|20240309
G0104||60.91|20240309
G0105||193.07|20240309
G0105|53|96.73|20240309
G0121||193.3|20240309
G0121|53|96.96|20240309
G0127||7.72|20240309
G0136||9.65|20240309
G0140||52.99|20240309
G0146||36.95|20240309
G0168||14.91|20240309
G0245||41.78|20240309
G0246||20.84|20240309
G0247||22.57|20240309
G0268||34.75|20240309
G0270||29.75|20240309
G0271||16.85|20240309
G0296||26.67|20240309
G0316||32.01|20240309
G0317||32.01|20240309
G0318||31.45|20240309
G0323||45.96|20240309
G0341||313.36|20240309
G0396||33.23|20240309
G0397||67.32|20240309
G0402||139.0|20240309
G0429||72.71|20240309
G0442||9.65|20240309
G0443||23.85|20240309
G0444||9.65|20240309
G0445||23.85|20240309
G0446||24.25|20240309
G0447||23.85|20240309
G0455||73.77|20240309
G0473||12.18|20240309
G0500||5.75|20240309
G0506||46.66|20240309
G0513||62.69|20240309
G0514||63.09|20240309
G0516||103.01|20240309
G0517||117.33|20240309
G0518||191.55|20240309
G2010||9.65|20240309
G2012||13.5|20240309
G2082||36.85|20240309
G2083||36.85|20240309
G2086||425.02|20240309
G2087||408.85|20240309
G2088||40.32|20240309
G2212||33.04|20240309
G2213||63.12|20240309
G2214||40.57|20240309
G2250||9.65|20240309
G2251||13.5|20240309
G2252||26.38|20240309
G3002||78.66|20240309
G3003||27.4|20240309
G9978||29.55|20240309
G9979||49.99|20240309
G9980||79.96|20240309
G9981||134.71|20240309
G9982||179.93|20240309
G9983||29.55|20240309
G9984||58.2|20240309
G9985||88.23|20240309
G9986||128.72|20240309
Q0091||19.25|20240309
0446T||59.83|20240309
0447T||70.18|20240309
0448T||99.78|20240309
10004||45.04|20240309
10005||75.78|20240309
10006||52.09|20240309
10007||92.48|20240309
10008||51.93|20240309
10009||112.06|20240309
10010||72.79|20240309
10021||57.22|20240309
10030||138.67|20240309
10035||86.72|20240309
10036||43.7|20240309
10040||55.32|20240309
10060||119.63|20240309
10061||203.22|20240309
10080||116.86|20240309
10081||184.15|20240309
10120||118.1|20240309
10121||198.82|20240309
10140||130.37|20240309
10160||106.65|20240309
10180||194.03|20240309
11000||28.72|20240309
11001||15.47|20240309
11010||294.68|20240309
11011||311.67|20240309
11012||435.6|20240309
11042||64.65|20240309
11043||161.66|20240309
11044||235.27|20240309
11045||25.94|20240309
11046||56.39|20240309
11047||99.49|20240309
11055||16.01|20240309
11056||22.63|20240309
11057||29.66|20240309
11102||40.0|20240309
11103||23.24|20240309
11104||49.37|20240309
11105||26.92|20240309
11106||59.48|20240309
11107||32.26|20240309
11200||86.15|20240309
11201||17.11|20240309
11300||35.93|20240309
11301||54.18|20240309
11302||63.19|20240309
11303||75.19|20240309
11305||38.9|20240309
11306||51.26|20240309
11307||65.44|20240309
11308||72.7|20240309
11310||48.1|20240309
11311||66.35|20240309
11312||78.51|20240309
11313||101.59|20240309
11400||94.78|20240309
11401||117.63|20240309
11402||128.19|20240309
11403||165.81|20240309
11404||180.99|20240309
11406||268.81|20240309
11420||91.68|20240309
11421||120.47|20240309
11422||150.93|20240309
11423||173.44|20240309
11424||198.25|20240309
11426||289.08|20240309
11440||121.62|20240309
11441||149.08|20240309
11442||163.49|20240309
11443||197.42|20240309
11444||246.35|20240309
11446||343.08|20240309
11450||286.87|20240309
11451||359.9|20240309
11462||273.89|20240309
11463||362.55|20240309
11470||312.98|20240309
11471||382.09|20240309
11600||134.32|20240309
11601||162.2|20240309
11602||176.29|20240309
11603||209.36|20240309
11604||229.3|20240309
11606||335.99|20240309
11620||135.3|20240309
11621||162.78|20240309
11622||184.45|20240309
11623||225.96|20240309
11624||255.55|20240309
11626||309.14|20240309
11640||139.46|20240309
11641||169.7|20240309
11642||197.65|20240309
11643||244.85|20240309
11644||301.9|20240309
11646||413.16|20240309
11719||7.72|20240309
11720||14.57|20240309
11721||24.42|20240309
11730||56.77|20240309
11732||17.45|20240309
11740||36.18|20240309
11750||111.45|20240309
11755||63.54|20240309
11760||119.33|20240309
11762||202.56|20240309
11765||103.44|20240309
11770||199.05|20240309
11771||487.03|20240309
11772||630.9|20240309
11900||31.74|20240309
11901||48.27|20240309
11920||122.35|20240309
11921||139.77|20240309
11922||30.19|20240309
11950||54.67|20240309
11951||76.54|20240309
11952||107.47|20240309
11954||117.29|20240309
11976||96.06|20240309
11980||57.5|20240309
11981||65.03|20240309
11982||75.84|20240309
11983||107.05|20240309
12001||46.32|20240309
12002||60.49|20240309
12004||75.29|20240309
12005||95.8|20240309
12006||117.54|20240309
12007||146.5|20240309
12011||57.04|20240309
12013||58.56|20240309
12014||75.72|20240309
12015||94.96|20240309
12016||128.81|20240309
12020||204.4|20240309
12021||154.15|20240309
12031||166.13|20240309
12032||208.93|20240309
12034||222.7|20240309
12035||259.48|20240309
12036||300.48|20240309
12037||348.01|20240309
12041||157.9|20240309
12042||213.25|20240309
12044||231.47|20240309
12045||296.16|20240309
12046||340.21|20240309
12047||375.74|20240309
12051||184.92|20240309
12052||216.89|20240309
12053||233.21|20240309
12054||235.49|20240309
12055||323.34|20240309
12056||414.61|20240309
12057||450.45|20240309
13100||216.12|20240309
13101||267.77|20240309
13102||75.03|20240309
13120||251.59|20240309
13121||277.12|20240309
13122||86.4|20240309
13131||259.97|20240309
13132||324.29|20240309
13133||131.91|20240309
13151||298.07|20240309
13152||358.57|20240309
13153||142.72|20240309
14000||552.77|20240309
14001||709.29|20240309
14020||623.91|20240309
14021||773.39|20240309
14040||682.13|20240309
14041||830.5|20240309
14060||727.09|20240309
14061||892.71|20240309
14301||936.97|20240309
15002||230.0|20240309
15003||46.19|20240309
15004||272.86|20240309
15005||92.09|20240309
15040||131.98|20240309
15050||502.56|20240309
15100||772.45|20240309
15101||116.08|20240309
15110||762.99|20240309
15111||103.62|20240309
15115||744.41|20240309
15116||141.48|20240309
15120||744.55|20240309
15121||138.97|20240309
15130||652.8|20240309
15131||93.21|20240309
15135||821.26|20240309
15136||93.21|20240309
15150||677.15|20240309
15151||110.1|20240309
15152||142.77|20240309
15155||786.32|20240309
15156||151.84|20240309
15157||165.46|20240309
15200||730.86|20240309
15201||79.35|20240309
15220||668.03|20240309
15221||71.93|20240309
15240||873.88|20240309
15241||111.78|20240309
15260||925.33|20240309
15261||142.96|20240309
15271||88.08|20240309
15272||17.36|20240309
15273||202.08|20240309
15274||45.56|20240309
15275||97.65|20240309
15276||25.71|20240309
15277||230.4|20240309
15278||57.16|20240309
15570||785.38|20240309
15572||799.12|20240309
15574||801.38|20240309
15576||705.15|20240309
15600||239.18|20240309
15610||273.81|20240309
15620||363.41|20240309
15630||382.52|20240309
15650||445.83|20240309
15730||994.15|20240309
15731||1079.85|20240309
15740||915.32|20240309
15760||760.59|20240309
15771||558.64|20240309
15772||154.91|20240309
15773||546.36|20240309
15774||149.74|20240309
15775||270.23|20240309
15776||369.12|20240309
15780||732.52|20240309
15781||472.41|20240309
15782||412.58|20240309
15783||395.41|20240309
15786||146.19|20240309
15787||17.47|20240309
15788||245.33|20240309
15789||456.85|20240309
15792||239.34|20240309
15793||399.46|20240309
15820||575.31|20240309
15821||610.85|20240309
15822||444.45|20240309
15823||612.24|20240309
15837||779.63|20240309
15839||799.22|20240309
15851||69.92|20240309
16000||47.2|20240309
16020||61.17|20240309
16025||119.08|20240309
16030||139.42|20240309
17000||61.88|20240309
17003||2.18|20240309
17004||107.8|20240309
17106||304.4|20240309
17107||396.52|20240309
17108||575.18|20240309
17110||77.56|20240309
17111||93.18|20240309
17250||41.04|20240309
17260||77.72|20240309
17261||95.78|20240309
17262||120.46|20240309
17263||132.97|20240309
17264||141.81|20240309
17266||165.75|20240309
17270||104.62|20240309
17271||114.72|20240309
17272||131.88|20240309
17273||148.64|20240309
17274||180.84|20240309
17276||217.35|20240309
17280||95.38|20240309
17281||128.55|20240309
17282||147.9|20240309
17283||184.23|20240309
17284||213.79|20240309
17286||289.4|20240309
17311||376.01|20240309
17312||200.0|20240309
17313||337.33|20240309
17314||185.43|20240309
17315||52.91|20240309
17340||53.02|20240309
17360||100.82|20240309
19000||43.59|20240309
19001||21.68|20240309
19020||343.39|20240309
19030||78.37|20240309
19081||168.2|20240309
19082||84.19|20240309
19083||158.82|20240309
19084||79.3|20240309
19085||185.11|20240309
19086||92.24|20240309
19100||70.25|20240309
19101||238.29|20240309
19105||214.59|20240309
19110||383.68|20240309
19112||354.58|20240309
19120||448.56|20240309
19125||494.23|20240309
19281||101.72|20240309
19282||51.06|20240309
19283||102.41|20240309
19284||51.12|20240309
19285||86.72|20240309
19286||43.47|20240309
19287||129.9|20240309
19288||64.81|20240309
19296||216.13|20240309
19298||338.95|20240309
19300||471.8|20240309
19350||731.82|20240309
19355||669.42|20240309
19396||152.02|20240309
20101||220.13|20240309
20102||270.02|20240309
20103||368.26|20240309
20200||100.08|20240309
20205||162.25|20240309
20206||60.48|20240309
20220||91.11|20240309
20225||134.84|20240309
20500||97.92|20240309
20501||37.51|20240309
20520||163.18|20240309
20525||267.12|20240309
20526||59.96|20240309
20527||70.05|20240309
20550||40.63|20240309
20551||40.4|20240309
20552||39.04|20240309
20553||44.38|20240309
20560||15.7|20240309
20561||23.47|20240309
20600||37.68|20240309
20604||47.87|20240309
20605||38.77|20240309
20606||54.36|20240309
20610||47.88|20240309
20611||61.87|20240309
20612||43.67|20240309
20615||177.59|20240309
20650||183.37|20240309
20665||108.12|20240309
20670||160.5|20240309
20680||457.22|20240309
20694||379.4|20240309
20900||190.66|20240309
20922||539.15|20240309
20950||95.66|20240309
20974||55.39|20240309
20979||33.11|20240309
20982||376.41|20240309
20983||351.94|20240309
21011||290.7|20240309
21013||440.17|20240309
21025||721.5|20240309
21026||474.37|20240309
21029||684.73|20240309
21030||397.94|20240309
21031||303.51|20240309
21032||289.23|20240309
21034||1214.46|20240309
21040||399.53|20240309
21073||262.56|20240309
21076||747.32|20240309
21077||1835.19|20240309
21079||1236.0|20240309
21080||1395.39|20240309
21081||1281.61|20240309
21082||1184.18|20240309
21083||1094.82|20240309
21084||1265.18|20240309
21085||514.13|20240309
21086||1352.29|20240309
21087||1352.29|20240309
21100||394.59|20240309
21110||807.16|20240309
21116||47.02|20240309
21120||566.76|20240309
21121||579.85|20240309
21125||722.87|20240309
21127||837.05|20240309
21208||801.23|20240309
21209||670.27|20240309
21210||825.2|20240309
21215||857.0|20240309
21235||629.48|20240309
21245||1034.96|20240309
21248||858.12|20240309
21249||1191.32|20240309
21270||807.2|20240309
21315||63.6|20240309
21320||101.2|20240309
21337||337.4|20240309
21345||703.07|20240309
21355||363.01|20240309
21356||445.35|20240309
21400||193.76|20240309
21401||368.22|20240309
21421||609.81|20240309
21440||701.11|20240309
21445||707.31|20240309
21450||548.32|20240309
21451||726.26|20240309
21452||529.93|20240309
21453||1061.22|20240309
21461||1199.92|20240309
21462||1303.27|20240309
21480||31.86|20240309
21485||900.63|20240309
21497||670.25|20240309
21501||373.49|20240309
21550||170.93|20240309
21555||337.6|20240309
21820||171.48|20240309
21920||169.4|20240309
21925||417.22|20240309
21930||398.06|20240309
22310||331.31|20240309
22315||849.71|20240309
22510||450.67|20240309
22511||425.08|20240309
22512||211.32|20240309
22513||533.41|20240309
22514||498.0|20240309
22515||222.7|20240309
22902||363.66|20240309
23000||398.56|20240309
23030||277.93|20240309
23031||245.4|20240309
23065||174.46|20240309
23066||411.3|20240309
23075||362.47|20240309
23330||186.94|20240309
23350||51.69|20240309
23500||266.81|20240309
23505||382.25|20240309
23520||278.62|20240309
23525||418.05|20240309
23540||275.48|20240309
23545||372.85|20240309
23570||283.03|20240309
23575||433.62|20240309
23600||368.8|20240309
23605||483.8|20240309
23620||302.63|20240309
23625||402.59|20240309
23650||343.5|20240309
23665||455.37|20240309
23675||563.65|20240309
23930||233.84|20240309
23931||180.36|20240309
24065||179.8|20240309
24066||466.75|20240309
24075||362.89|20240309
24200||156.21|20240309
24201||447.62|20240309
24220||69.09|20240309
24500||387.7|20240309
24505||511.4|20240309
24530||405.72|20240309
24535||642.23|20240309
24560||342.27|20240309
24565||560.15|20240309
24576||365.77|20240309
24577||573.58|20240309
24600||386.31|20240309
24640||88.35|20240309
24650||288.39|20240309
24655||463.86|20240309
24670||311.36|20240309
24675||474.04|20240309
25065||174.63|20240309
25075||350.25|20240309
25246||76.0|20240309
25500||300.79|20240309
25505||523.02|20240309
25520||613.94|20240309
25530||285.5|20240309
25535||519.31|20240309
25560||302.26|20240309
25565||522.83|20240309
25600||381.48|20240309
25605||575.67|20240309
25622||331.52|20240309
25624||510.13|20240309
25630||329.07|20240309
25635||484.41|20240309
25650||353.85|20240309
25675||468.7|20240309
26010||158.33|20240309
26011||205.55|20240309
26055||331.28|20240309
26115||372.78|20240309
26160||357.65|20240309
26341||87.14|20240309
26600||336.96|20240309
26605||344.8|20240309
26641||438.44|20240309
26645||449.36|20240309
26670||357.21|20240309
26675||480.47|20240309
26700||357.37|20240309
26705||453.43|20240309
26720||222.5|20240309
26725||349.59|20240309
26740||258.82|20240309
26742||381.67|20240309
26750||223.49|20240309
26755||313.54|20240309
26770||301.56|20240309
26775||408.63|20240309
26991||577.42|20240309
27040||215.58|20240309
27047||393.81|20240309
27086||188.26|20240309
27093||70.79|20240309
27095||85.3|20240309
27096||88.33|20240309
27200||221.59|20240309
27220||455.03|20240309
27230||535.75|20240309
27246||432.72|20240309
27256||251.86|20240309
27278||504.44|20240309
27301||557.02|20240309
27323||192.59|20240309
27327||347.72|20240309
27369||41.89|20240309
27372||439.51|20240309
27500||532.33|20240309
27501||551.5|20240309
27508||556.95|20240309
27516||548.66|20240309
27520||348.95|20240309
27530||337.96|20240309
27532||642.47|20240309
27538||510.45|20240309
27550||525.81|20240309
27560||388.94|20240309
27603||427.39|20240309
27604||354.37|20240309
27605||199.75|20240309
27613||177.75|20240309
27614||456.7|20240309
27618||337.64|20240309
27630||395.52|20240309
27648||53.6|20240309
27656||378.16|20240309
27685||513.74|20240309
27750||373.14|20240309
27752||546.79|20240309
27760||356.55|20240309
27762||496.29|20240309
27767||338.68|20240309
27780||331.15|20240309
27781||459.75|20240309
27786||332.18|20240309
27788||436.21|20240309
27808||355.47|20240309
27810||482.05|20240309
27816||340.62|20240309
27818||493.31|20240309
27824||351.0|20240309
27825||545.35|20240309
27830||411.92|20240309
28001||100.7|20240309
28002||148.22|20240309
28003||270.16|20240309
28008||324.03|20240309
28010||231.97|20240309
28011||308.44|20240309
28020||403.08|20240309
28022||361.27|20240309
28024||341.03|20240309
28035||394.83|20240309
28039||368.94|20240309
28043||287.81|20240309
28045||381.03|20240309
28050||307.76|20240309
28052||282.11|20240309
28054||259.2|20240309
28060||396.97|20240309
28062||441.6|20240309
28070||376.98|20240309
28072||359.34|20240309
28080||423.53|20240309
28086||386.46|20240309
28088||326.73|20240309
28090||341.11|20240309
28092||303.42|20240309
28100||460.32|20240309
28104||390.25|20240309
28107||379.19|20240309
28108||319.3|20240309
28110||325.4|20240309
28111||348.36|20240309
28112||345.37|20240309
28113||473.09|20240309
28114||917.89|20240309
28116||633.98|20240309
28118||464.76|20240309
28119||401.49|20240309
28120||543.48|20240309
28122||482.16|20240309
28124||370.17|20240309
28126||277.17|20240309
28140||458.6|20240309
28150||308.19|20240309
28153||293.26|20240309
28160||296.1|20240309
28190||145.46|20240309
28192||341.08|20240309
28193||400.21|20240309
28200||360.83|20240309
28202||466.96|20240309
28208||355.64|20240309
28210||464.59|20240309
28220||336.86|20240309
28222||406.06|20240309
28225||293.72|20240309
28226||445.78|20240309
28230||313.9|20240309
28232||267.81|20240309
28234||301.96|20240309
28238||532.29|20240309
28240||323.68|20240309
28250||452.23|20240309
28260||589.56|20240309
28261||911.75|20240309
28262||1189.69|20240309
28264||726.06|20240309
28270||369.45|20240309
28272||277.26|20240309
28280||378.75|20240309
28285||427.88|20240309
28286||328.01|20240309
28288||483.5|20240309
28289||507.31|20240309
28291||524.16|20240309
28292||534.99|20240309
28295||660.56|20240309
28296||562.58|20240309
28297||657.0|20240309
28298||556.3|20240309
28299||650.69|20240309
28304||667.7|20240309
28306||447.3|20240309
28307||572.21|20240309
28308||429.23|20240309
28310||399.64|20240309
28312||382.4|20240309
28313||398.6|20240309
28315||358.43|20240309
28322||631.6|20240309
28340||444.09|20240309
28341||526.17|20240309
28344||308.11|20240309
28345||395.95|20240309
28400||266.45|20240309
28405||458.78|20240309
28430||243.06|20240309
28435||375.24|20240309
28450||221.29|20240309
28455||258.42|20240309
28470||238.44|20240309
28475||259.96|20240309
28490||145.21|20240309
28495||171.94|20240309
28496||314.12|20240309
28505||545.09|20240309
28510||140.78|20240309
28515||166.12|20240309
28525||452.43|20240309
28530||117.97|20240309
28531||203.04|20240309
28540||201.88|20240309
28545||313.4|20240309
28546||403.31|20240309
28555||723.65|20240309
28570||230.12|20240309
28575||389.18|20240309
28585||771.82|20240309
28600||183.83|20240309
28605||353.06|20240309
28630||120.56|20240309
28635||144.35|20240309
28636||246.86|20240309
28645||534.97|20240309
28660||103.96|20240309
28665||139.47|20240309
28675||459.37|20240309
28740||672.94|20240309
28750||629.94|20240309
28755||369.16|20240309
28760||624.13|20240309
28820||186.01|20240309
28825||181.52|20240309
28890||246.19|20240309
29000||213.3|20240309
29010||174.9|20240309
29015||195.8|20240309
29035||157.73|20240309
29040||189.09|20240309
29044||182.77|20240309
29046||204.94|20240309
29049||76.34|20240309
29055||150.13|20240309
29058||101.09|20240309
29065||74.62|20240309
29075||68.71|20240309
29085||73.99|20240309
29086||54.91|20240309
29105||42.95|20240309
29125||44.45|20240309
29126||54.1|20240309
29130||30.54|20240309
29131||37.04|20240309
29200||19.15|20240309
29240||18.76|20240309
29260||19.78|20240309
29280||21.04|20240309
29305||172.83|20240309
29325||193.01|20240309
29345||107.0|20240309
29355||114.41|20240309
29358||111.34|20240309
29365||95.33|20240309
29405||64.12|20240309
29425||59.06|20240309
29435||93.74|20240309
29440||29.66|20240309
29445||104.89|20240309
29450||119.56|20240309
29505||57.29|20240309
29515||54.08|20240309
29520||19.15|20240309
29530||18.76|20240309
29540||17.79|20240309
29550||11.52|20240309
29580||27.04|20240309
29581||28.2|20240309
29584||16.34|20240309
29700||34.79|20240309
29705||47.0|20240309
29710||86.46|20240309
29720||46.28|20240309
29730||47.28|20240309
29740||72.35|20240309
29750||80.84|20240309
29870||454.87|20240309
29893||487.18|20240309
30000||134.69|20240309
30020||136.67|20240309
30100||74.94|20240309
30110||147.65|20240309
30117||467.64|20240309
30120||463.44|20240309
30140||189.45|20240309
30200||65.75|20240309
30210||115.77|20240309
30220||142.71|20240309
30300||139.65|20240309
30468||180.23|20240309
30469||160.87|20240309
30560||172.05|20240309
30580||503.02|20240309
30600||418.39|20240309
30801||174.21|20240309
30802||227.68|20240309
30901||58.42|20240309
30903||79.26|20240309
30905||109.76|20240309
30906||138.28|20240309
31000||124.22|20240309
31020||388.37|20240309
31030||573.73|20240309
31231||68.46|20240309
31233||144.97|20240309
31235||170.42|20240309
31237||170.85|20240309
31238||178.55|20240309
31242||167.23|20240309
31243||167.23|20240309
31254||256.31|20240309
31295||167.0|20240309
31296||189.57|20240309
31297||152.52|20240309
31298||269.42|20240309
31505||54.79|20240309
31510||130.03|20240309
31511||143.88|20240309
31512||138.71|20240309
31515||118.82|20240309
31525||170.53|20240309
31570||241.7|20240309
31572||191.78|20240309
31573||158.7|20240309
31574||159.33|20240309
31575||74.77|20240309
31576||128.2|20240309
31577||141.97|20240309
31578||159.33|20240309
31579||128.58|20240309
31612||49.88|20240309
31615||124.01|20240309
31622||137.0|20240309
31623||136.65|20240309
31624||138.47|20240309
31625||161.26|20240309
31626||202.23|20240309
31627||98.44|20240309
31628||181.53|20240309
31629||192.39|20240309
31632||50.11|20240309
31633||64.27|20240309
31634||193.82|20240309
31635||181.01|20240309
31645||152.26|20240309
31652||226.74|20240309
31653||251.03|20240309
31654||68.64|20240309
31717||110.43|20240309
31730||150.33|20240309
31820||364.28|20240309
31825||530.7|20240309
31830||408.38|20240309
32400||85.85|20240309
32408||155.81|20240309
32550||209.58|20240309
32552||166.2|20240309
32553||179.89|20240309
32554||91.0|20240309
32555||112.01|20240309
32556||126.61|20240309
32557||152.7|20240309
32560||77.21|20240309
32561||68.98|20240309
32562||61.73|20240309
32960||94.29|20240309
32994||445.58|20240309
32998||446.38|20240309
33285||88.53|20240309
33286||86.86|20240309
36002||106.5|20240309
36005||47.75|20240309
36010||108.25|20240309
36011||156.23|20240309
36012||174.19|20240309
36013||127.24|20240309
36014||151.94|20240309
36015||173.19|20240309
36100||149.34|20240309
36140||88.39|20240309
36160||124.06|20240309
36200||137.51|20240309
36215||215.65|20240309
36216||271.82|20240309
36217||332.39|20240309
36218||52.57|20240309
36221||197.91|20240309
36222||286.13|20240309
36223||330.11|20240309
36224||370.75|20240309
36225||327.1|20240309
36226||368.47|20240309
36227||121.14|20240309
36228||249.0|20240309
36245||236.0|20240309
36246||250.47|20240309
36247||297.55|20240309
36248||48.52|20240309
36251||255.26|20240309
36252||355.44|20240309
36253||357.28|20240309
36254||414.47|20240309
36400||19.43|20240309
36405||15.58|20240309
36406||9.26|20240309
36410||9.48|20240309
36465||119.1|20240309
36466||151.79|20240309
36470||38.2|20240309
36471||76.01|20240309
36473||181.32|20240309
36474||88.78|20240309
36475||277.81|20240309
36476||132.2|20240309
36478||278.82|20240309
36479||135.55|20240309
36481||329.92|20240309
36482||179.27|20240309
36483||87.54|20240309
36510||55.54|20240309
36514||97.62|20240309
36516||87.86|20240309
36522||101.21|20240309
36555||86.12|20240309
36556||86.25|20240309
36557||335.84|20240309
36558||269.3|20240309
36560||399.31|20240309
36561||344.5|20240309
36563||375.13|20240309
36565||346.39|20240309
36566||368.7|20240309
36570||348.03|20240309
36571||325.7|20240309
36572||81.53|20240309
36573||85.52|20240309
36575||34.39|20240309
36576||191.13|20240309
36578||212.34|20240309
36580||66.43|20240309
36581||190.44|20240309
36582||297.36|20240309
36583||343.95|20240309
36584||59.88|20240309
36585||293.1|20240309
36589||142.93|20240309
36590||198.62|20240309
36595||185.04|20240309
36596||47.22|20240309
36597||61.31|20240309
36598||36.42|20240309
36600||15.53|20240309
36836||359.98|20240309
36837||464.53|20240309
36860||110.84|20240309
36901||169.2|20240309
36902||241.3|20240309
36903||315.65|20240309
36904||369.33|20240309
36905||445.18|20240309
36906||512.56|20240309
36907||146.19|20240309
36908||206.25|20240309
36909||200.42|20240309
37183||378.65|20240309
37184||429.91|20240309
37185||161.23|20240309
37186||240.35|20240309
37187||394.41|20240309
37188||281.61|20240309
37191||222.03|20240309
37192||334.16|20240309
37193||347.32|20240309
37197||300.66|20240309
37220||393.47|20240309
37221||483.54|20240309
37222||181.37|20240309
37223||206.89|20240309
37224||436.65|20240309
37225||589.9|20240309
37226||508.85|20240309
37227||704.29|20240309
37228||530.87|20240309
37229||684.24|20240309
37230||683.05|20240309
37231||728.97|20240309
37232||196.13|20240309
37233||318.16|20240309
37234||277.49|20240309
37235||366.96|20240309
37236||434.01|20240309
37237||206.82|20240309
37238||304.63|20240309
37239||149.16|20240309
37241||428.12|20240309
37242||474.65|20240309
37243||566.22|20240309
37244||667.18|20240309
37246||345.62|20240309
37247||171.6|20240309
37248||298.17|20240309
37249||144.6|20240309
37252||87.96|20240309
37253||70.06|20240309
37609||216.67|20240309
37765||274.59|20240309
37766||335.7|20240309
37785||265.11|20240309
38220||71.34|20240309
38221||74.52|20240309
38222||78.94|20240309
38300||230.77|20240309
38500||271.76|20240309
38505||89.83|20240309
38510||444.25|20240309
38792||33.13|20240309
40490||73.52|20240309
40500||413.82|20240309
40510||384.31|20240309
40520||392.93|20240309
40530||445.11|20240309
40650||350.81|20240309
40652||400.28|20240309
40654||471.35|20240309
40800||133.88|20240309
40801||219.84|20240309
40804||127.63|20240309
40805||217.61|20240309
40806||32.97|20240309
40808||99.42|20240309
40810||137.32|20240309
40812||201.45|20240309
40814||314.11|20240309
40816||337.5|20240309
40818||297.37|20240309
40819||222.14|20240309
40820||190.0|20240309
40830||160.96|20240309
40831||221.8|20240309
40840||688.56|20240309
40842||736.95|20240309
40843||935.43|20240309
40844||1269.8|20240309
40845||1296.05|20240309
41000||115.45|20240309
41005||130.13|20240309
41006||253.63|20240309
41007||243.31|20240309
41008||284.27|20240309
41009||315.66|20240309
41010||124.05|20240309
41015||329.56|20240309
41016||382.68|20240309
41017||380.63|20240309
41018||441.03|20240309
41100||118.4|20240309
41105||121.73|20240309
41108||101.61|20240309
41110||144.61|20240309
41112||270.97|20240309
41113||292.79|20240309
41115||162.42|20240309
41116||241.48|20240309
41250||168.13|20240309
41251||200.23|20240309
41252||226.33|20240309
41520||281.43|20240309
41530||424.95|20240309
41800||175.1|20240309
41805||223.78|20240309
41806||310.51|20240309
41822||222.08|20240309
41823||411.15|20240309
41825||136.05|20240309
41826||216.69|20240309
41827||318.56|20240309
41828||240.05|20240309
41830||347.57|20240309
41872||341.99|20240309
41874||269.72|20240309
42000||121.89|20240309
42100||122.45|20240309
42104||149.75|20240309
42106||177.06|20240309
42107||355.49|20240309
42140||184.11|20240309
42160||155.53|20240309
42180||206.25|20240309
42182||281.04|20240309
42260||728.36|20240309
42280||118.84|20240309
42281||178.99|20240309
42300||173.51|20240309
42310||150.77|20240309
42320||197.8|20240309
42330||182.32|20240309
42335||292.26|20240309
42340||380.68|20240309
42400||57.51|20240309
42405||247.87|20240309
42408||385.46|20240309
42409||258.83|20240309
42450||403.29|20240309
42500||383.54|20240309
42505||505.22|20240309
42550||63.37|20240309
42600||392.97|20240309
42650||65.01|20240309
42660||93.09|20240309
42665||243.26|20240309
42700||151.11|20240309
42720||413.85|20240309
42800||130.29|20240309
42804||138.93|20240309
42806||158.63|20240309
42808||182.32|20240309
42809||138.18|20240309
42810||316.49|20240309
43197||85.26|20240309
43198||102.26|20240309
43200||93.26|20240309
43201||109.69|20240309
43202||109.06|20240309
43206||139.85|20240309
43213||269.4|20240309
43215||147.81|20240309
43216||140.83|20240309
43217||168.29|20240309
43220||124.46|20240309
43226||136.44|20240309
43227||173.13|20240309
43229||205.88|20240309
43235||129.34|20240309
43236||145.83|20240309
43239||145.83|20240309
43245||183.31|20240309
43247||185.02|20240309
43248||174.39|20240309
43249||161.23|20240309
43250||177.68|20240309
43251||205.12|20240309
43252||176.52|20240309
43255||209.61|20240309
43270||234.54|20240309
43290||186.52|20240309
43291||168.02|20240309
43450||85.04|20240309
43453||92.22|20240309
43754||41.36|20240309
43755||64.15|20240309
43756||55.01|20240309
43757||82.12|20240309
43761||106.6|20240309
43762||37.97|20240309
43763||92.07|20240309
44380||61.72|20240309
44381||90.16|20240309
44382||79.0|20240309
44385||77.32|20240309
44386||94.55|20240309
44388||162.98|20240309
44388|53|81.8|20240309
44389||179.52|20240309
44390||220.12|20240309
44391||240.87|20240309
44392||206.97|20240309
44394||234.86|20240309
44401||253.27|20240309
44404||179.52|20240309
44405||192.14|20240309
45005||179.95|20240309
45300||51.0|20240309
45303||90.64|20240309
45305||77.47|20240309
45307||104.83|20240309
45308||88.67|20240309
45309||93.79|20240309
45315||110.18|20240309
45317||116.91|20240309
45320||109.25|20240309
45330||60.91|20240309
45331||77.17|20240309
45332||111.47|20240309
45333||99.42|20240309
45334||124.17|20240309
45335||71.48|20240309
45338||126.76|20240309
45340||83.26|20240309
45346||168.3|20240309
45350||106.88|20240309
45378||193.07|20240309
45378|53|96.73|20240309
45379||249.03|20240309
45380||209.9|20240309
45381||209.5|20240309
45382||270.05|20240309
45384||236.89|20240309
45385||265.17|20240309
45386||221.28|20240309
45388||281.51|20240309
45398||244.41|20240309
45520||44.53|20240309
45915||247.64|20240309
46030||91.43|20240309
46040||465.91|20240309
46050||111.72|20240309
46080||167.82|20240309
46083||120.49|20240309
46200||379.39|20240309
46220||133.08|20240309
46221||212.71|20240309
46230||187.12|20240309
46250||347.49|20240309
46255||385.37|20240309
46270||441.57|20240309
46275||464.81|20240309
46285||466.07|20240309
46320||123.16|20240309
46500||207.02|20240309
46505||274.93|20240309
46600||44.99|20240309
46601||99.5|20240309
46604||70.46|20240309
46606||80.23|20240309
46607||131.35|20240309
46608||88.67|20240309
46610||84.89|20240309
46611||85.85|20240309
46612||99.54|20240309
46614||68.96|20240309
46615||96.6|20240309
46754||269.39|20240309
46900||150.92|20240309
46910||147.53|20240309
46916||156.75|20240309
46917||140.31|20240309
46922||150.03|20240309
46924||195.58|20240309
46930||170.03|20240309
46940||155.69|20240309
46942||140.29|20240309
47000||91.34|20240309
47382||752.67|20240309
47383||460.53|20240309
47531||73.12|20240309
47532||214.65|20240309
47533||267.21|20240309
47534||373.51|20240309
47535||199.06|20240309
47536||134.49|20240309
47537||99.19|20240309
47538||238.01|20240309
47539||430.81|20240309
47540||443.76|20240309
47541||340.89|20240309
47542||136.75|20240309
47543||144.56|20240309
47544||157.58|20240309
48102||242.97|20240309
49082||77.18|20240309
49083||110.53|20240309
49180||84.58|20240309
49185||122.29|20240309
49400||91.89|20240309
49405||198.41|20240309
49406||198.41|20240309
49407||209.31|20240309
49411||192.45|20240309
49418||205.26|20240309
49423||71.8|20240309
49424||38.13|20240309
49436||197.63|20240309
49440||208.93|20240309
49441||247.39|20240309
49442||216.35|20240309
49446||148.3|20240309
49450||66.52|20240309
49451||89.88|20240309
49452||138.28|20240309
49460||52.18|20240309
49465||31.23|20240309
50200||131.78|20240309
50382||254.98|20240309
50384||230.13|20240309
50385||221.54|20240309
50386||168.74|20240309
50387||84.31|20240309
50389||54.42|20240309
50391||101.32|20240309
50430||158.98|20240309
50431||69.92|20240309
50432||209.93|20240309
50433||259.84|20240309
50434||195.3|20240309
50435||103.66|20240309
50551||304.5|20240309
50553||325.54|20240309
50555||353.2|20240309
50557||357.74|20240309
50561||408.11|20240309
50590||611.9|20240309
50592||354.66|20240309
50593||471.82|20240309
50606||138.83|20240309
50684||55.06|20240309
50686||94.1|20240309
50690||74.39|20240309
50693||208.94|20240309
50694||272.34|20240309
50695||348.69|20240309
50705||176.87|20240309
50706||182.73|20240309
50951||318.12|20240309
50953||338.24|20240309
50955||364.7|20240309
50957||366.48|20240309
50961||328.64|20240309
51100||40.48|20240309
51101||52.67|20240309
51102||148.86|20240309
51600||44.91|20240309
51610||68.59|20240309
51700||31.0|20240309
51701||26.5|20240309
51702||26.27|20240309
51703||79.37|20240309
51705||54.81|20240309
51710||85.31|20240309
51715||207.86|20240309
51720||45.02|20240309
52000||83.66|20240309
52001||297.88|20240309
52005||140.14|20240309
52007||173.72|20240309
52010||172.87|20240309
52204||148.06|20240309
52214||179.93|20240309
52224||208.17|20240309
52265||169.59|20240309
52270||189.32|20240309
52275||257.81|20240309
52281||159.24|20240309
52283||209.89|20240309
52284||171.1|20240309
52285||204.42|20240309
52287||175.26|20240309
52310||157.97|20240309
52315||284.49|20240309
52317||357.86|20240309
52330||272.74|20240309
52332||162.69|20240309
52441||217.33|20240309
52442||52.1|20240309
52647||692.72|20240309
52648||737.05|20240309
53060||177.62|20240309
53200||149.15|20240309
53260||194.4|20240309
53265||201.77|20240309
53270||198.32|20240309
53600||66.08|20240309
53601||55.83|20240309
53620||90.99|20240309
53621||74.97|20240309
53660||44.18|20240309
53661||42.54|20240309
53850||387.57|20240309
53852||414.02|20240309
53854||414.02|20240309
53855||84.53|20240309
53860||236.56|20240309
54000||121.91|20240309
54001||152.26|20240309
54050||119.33|20240309
54055||106.42|20240309
54056||125.46|20240309
54057||108.43|20240309
54060||143.74|20240309
54065||188.62|20240309
54100||131.14|20240309
54105||228.85|20240309
54115||461.3|20240309
54150||99.63|20240309
54160||155.29|20240309
54162||215.76|20240309
54200||96.96|20240309
54220||140.82|20240309
54230||85.13|20240309
54231||122.77|20240309
54235||79.3|20240309
54450||59.15|20240309
55000||90.3|20240309
55100||183.07|20240309
55200||300.02|20240309
55250||251.67|20240309
55700||135.57|20240309
55870||149.3|20240309
55873||811.29|20240309
55874||172.86|20240309
55876||109.28|20240309
56405||141.29|20240309
56420||121.83|20240309
56441||171.61|20240309
56501||148.95|20240309
56515||231.59|20240309
56605||61.76|20240309
56606||30.29|20240309
56820||88.54|20240309
56821||118.89|20240309
57020||82.41|20240309
57061||128.84|20240309
57065||203.09|20240309
57100||68.47|20240309
57105||163.2|20240309
57130||188.94|20240309
57135||205.11|20240309
57150||26.73|20240309
57155||303.43|20240309
57156||162.35|20240309
57160||47.6|20240309
57170||48.92|20240309
57180||132.86|20240309
57420||94.46|20240309
57421||127.56|20240309
57452||96.89|20240309
57454||141.05|20240309
57455||113.57|20240309
57456||105.87|20240309
57460||167.78|20240309
57461||190.49|20240309
57465||44.03|20240309
57500||80.4|20240309
57505||122.58|20240309
57510||120.55|20240309
57511||162.26|20240309
57513||161.46|20240309
57520||325.17|20240309
57522||278.83|20240309
57558||141.84|20240309
57800||51.55|20240309
58100||65.64|20240309
58110||41.62|20240309
58120||252.37|20240309
58301||68.75|20240309
58321||49.89|20240309
58322||59.61|20240309
58323||12.47|20240309
58340||61.96|20240309
58350||106.08|20240309
58353||248.74|20240309
58356||371.61|20240309
58555||159.26|20240309
58558||242.03|20240309
58562||231.86|20240309
58563||256.93|20240309
58565||493.75|20240309
58580||426.46|20240309
58800||343.9|20240309
58970||205.6|20240309
58976||221.52|20240309
59000||83.29|20240309
59015||134.45|20240309
59070||314.69|20240309
59074||314.69|20240309
59160||199.12|20240309
59200||45.01|20240309
59300||152.26|20240309
59425||441.95|20240309
59426||811.18|20240309
59430||182.84|20240309
59812||326.5|20240309
59820||418.65|20240309
59821||405.14|20240309
59840||237.85|20240309
59841||392.08|20240309
60000||177.26|20240309
60100||79.08|20240309
60300||50.25|20240309
62263||352.64|20240309
62264||260.0|20240309
62267||160.63|20240309
62270||64.81|20240309
62272||93.59|20240309
62273||119.37|20240309
62280||172.15|20240309
62281||167.1|20240309
62282||153.04|20240309
62284||87.13|20240309
62290||164.31|20240309
62291||148.97|20240309
62302||124.23|20240309
62303||124.4|20240309
62304||122.84|20240309
62305||127.5|20240309
62320||105.14|20240309
62321||114.13|20240309
62322||83.1|20240309
62323||105.52|20240309
62324||92.68|20240309
62325||115.88|20240309
62326||88.86|20240309
62327||114.22|20240309
62328||88.55|20240309
62329||107.51|20240309
62367||25.98|20240309
62368||35.81|20240309
62369||36.6|20240309
62370||47.82|20240309
63650||443.7|20240309
63661||352.65|20240309
63663||480.61|20240309
64400||54.29|20240309
64405||54.35|20240309
64408||47.62|20240309
64415||72.1|20240309
64417||66.71|20240309
64418||58.0|20240309
64420||61.62|20240309
64421||26.04|20240309
64425||57.65|20240309
64430||57.71|20240309
64435||46.09|20240309
64445||75.67|20240309
64447||65.7|20240309
64450||44.38|20240309
64451||86.54|20240309
64454||87.34|20240309
64455||34.55|20240309
64461||80.27|20240309
64462||49.76|20240309
64463||83.49|20240309
64479||139.5|20240309
64480||64.02|20240309
64483||119.32|20240309
64484||54.07|20240309
64486||56.51|20240309
64487||64.82|20240309
64488||70.41|20240309
64489||79.0|20240309
64490||112.57|20240309
64491||62.07|20240309
64492||63.26|20240309
64493||97.1|20240309
64494||53.28|20240309
64495||54.47|20240309
64505||112.9|20240309
64510||83.23|20240309
64517||135.12|20240309
64520||91.94|20240309
64530||101.57|20240309
64553||472.3|20240309
64555||345.19|20240309
64561||320.15|20240309
64566||31.39|20240309
64585||156.39|20240309
64590||312.9|20240309
64595||245.27|20240309
64600||252.93|20240309
64605||445.66|20240309
64610||501.98|20240309
64611||124.4|20240309
64612||130.92|20240309
64615||127.13|20240309
64616||115.09|20240309
64617||114.63|20240309
64620||191.12|20240309
64624||156.78|20240309
64625||209.59|20240309
64630||204.32|20240309
64632||71.99|20240309
64633||205.97|20240309
64634||70.23|20240309
64635||206.37|20240309
64636||61.44|20240309
64640||127.95|20240309
64642||112.92|20240309
64643||72.87|20240309
64644||122.39|20240309
64645||84.01|20240309
64646||121.38|20240309
64647||139.2|20240309
64650||42.93|20240309
64653||53.97|20240309
64680||172.51|20240309
64681||234.14|20240309
64721||489.3|20240309
65125||328.62|20240309
65205||31.2|20240309
65210||38.54|20240309
65220||43.78|20240309
65222||54.13|20240309
65270||153.35|20240309
65272||387.51|20240309
65275||503.27|20240309
65286||542.38|20240309
65400||665.18|20240309
65410||111.37|20240309
65420||423.34|20240309
65426||527.48|20240309
65430||109.95|20240309
65435||76.44|20240309
65436||406.44|20240309
65450||362.02|20240309
65600||377.19|20240309
65772||447.26|20240309
65778||46.75|20240309
65779||127.51|20240309
65785||490.72|20240309
65800||94.78|20240309
65815||525.51|20240309
65855||222.84|20240309
65860||270.29|20240309
66020||144.93|20240309
66030||123.7|20240309
66130||616.28|20240309
66250||612.47|20240309
66700||430.31|20240309
66710||429.92|20240309
66720||457.27|20240309
66740||430.31|20240309
66761||260.2|20240309
66762||467.88|20240309
66770||530.25|20240309
66821||347.74|20240309
67025||693.22|20240309
67028||98.58|20240309
67031||389.4|20240309
67101||314.4|20240309
67105||303.2|20240309
67110||895.36|20240309
67120||610.65|20240309
67141||240.2|20240309
67145||240.2|20240309
67208||632.23|20240309
67210||548.06|20240309
67220||548.23|20240309
67221||222.22|20240309
67225||29.14|20240309
67227||277.84|20240309
67228||328.83|20240309
67345||233.35|20240309
67500||68.27|20240309
67505||77.18|20240309
67515||50.44|20240309
67516||104.31|20240309
67700||128.99|20240309
67710||109.53|20240309
67715||118.47|20240309
67800||111.85|20240309
67801||142.83|20240309
67805||178.26|20240309
67810||72.07|20240309
67820||24.28|20240309
67825||135.59|20240309
67830||151.35|20240309
67840||172.18|20240309
67850||143.92|20240309
67875||104.03|20240309
67880||405.96|20240309
67882||517.92|20240309
67900||552.07|20240309
67901||647.36|20240309
67903||525.1|20240309
67904||651.36|20240309
67908||477.43|20240309
67909||481.19|20240309
67912||530.96|20240309
67914||366.02|20240309
67915||224.72|20240309
67916||472.67|20240309
67917||500.72|20240309
67921||348.74|20240309
67922||224.72|20240309
67923||473.23|20240309
67924||500.89|20240309
67930||253.98|20240309
67935||474.78|20240309
67938||131.01|20240309
67950||507.07|20240309
67961||498.86|20240309
67966||713.09|20240309
68020||121.5|20240309
68040||51.07|20240309
68100||103.8|20240309
68110||164.12|20240309
68115||200.83|20240309
68130||456.35|20240309
68135||164.79|20240309
68200||36.99|20240309
68320||596.22|20240309
68330||507.32|20240309
68340||437.72|20240309
68360||452.42|20240309
68400||144.25|20240309
68420||181.49|20240309
68440||112.88|20240309
68510||307.73|20240309
68530||275.53|20240309
68705||182.42|20240309
68760||161.54|20240309
68761||130.23|20240309
68801||89.61|20240309
68810||141.62|20240309
68815||245.76|20240309
68816||172.13|20240309
68840||130.85|20240309
68841||35.01|20240309
68850||55.59|20240309
69000||139.58|20240309
69005||177.89|20240309
69020||161.86|20240309
69100||49.24|20240309
69105||70.0|20240309
69110||367.29|20240309
69145||290.04|20240309
69200||50.7|20240309
69210||34.12|20240309
69220||54.99|20240309
69222||153.69|20240309
69300||516.82|20240309
69420||135.13|20240309
69424||66.36|20240309
69433||147.97|20240309
69540||147.48|20240309
69610||310.9|20240309
69620||549.55|20240309
69705||183.88|20240309
69706||256.15|20240309
69801||132.79|20240309
70370||120.69|20240309
70370|TC|104.76|20240309
70496||299.15|20240309
70496|TC|212.13|20240309
70498||299.15|20240309
70498|TC|212.13|20240309
71275||302.6|20240309
71275|TC|212.13|20240309
71550||355.63|20240309
71550|TC|282.88|20240309
71552||556.62|20240309
71552|TC|444.08|20240309
72191||300.83|20240309
72191|TC|211.9|20240309
72193||270.21|20240309
72193|TC|212.3|20240309
72194||272.69|20240309
72194|TC|212.3|20240309
73200||176.76|20240309
73200|TC|127.02|20240309
73202||272.69|20240309
73202|TC|212.3|20240309
73206||300.83|20240309
73206|TC|211.9|20240309
73218||350.79|20240309
73218|TC|282.88|20240309
73706||305.77|20240309
73706|TC|212.13|20240309
74160||275.85|20240309
74160|TC|212.3|20240309
74170||281.94|20240309
74170|TC|212.3|20240309
74175||301.97|20240309
74175|TC|211.9|20240309
74251||270.73|20240309
74251|TC|212.47|20240309
74261||246.4|20240309
74261|TC|127.02|20240309
74262||336.75|20240309
74262|TC|212.07|20240309
74712||432.91|20240309
74712|TC|282.88|20240309
75573||338.15|20240309
75573|TC|211.97|20240309
75574||330.5|20240309
75574|TC|211.74|20240309
75635||329.76|20240309
75635|TC|212.13|20240309
76380||152.05|20240309
76380|TC|104.76|20240309
76800||191.24|20240309
76800|TC|127.02|20240309
76872||161.35|20240309
76872|TC|127.02|20240309
76885||141.91|20240309
76885|TC|104.99|20240309
77078||117.24|20240309
77078|TC|104.76|20240309
77084||362.87|20240309
77084|TC|282.88|20240309
80503||23.32|20240309
80504||50.2|20240309
80505||94.2|20240309
85097||50.45|20240309
86077||51.64|20240309
86078||51.64|20240309
86079||51.64|20240309
88321||87.39|20240309
88325||139.37|20240309
88329||36.88|20240309
88363||20.05|20240309
89049||62.4|20240309
90785||13.66|20240309
90791||154.96|20240309
90792||178.01|20240309
90832||71.63|20240309
90833||67.19|20240309
90834||94.81|20240309
90836||85.17|20240309
90837||139.91|20240309
90838||112.88|20240309
90839||135.54|20240309
90840||67.82|20240309
90845||91.03|20240309
90846||102.18|20240309
90847||106.79|20240309
90849||31.5|20240309
90853||25.14|20240309
90865||128.12|20240309
90870||109.68|20240309
90880||90.06|20240309
90901||20.24|20240309
90912||44.69|20240309
90913||25.19|20240309
92002||48.47|20240309
92004||100.05|20240309
92012||53.66|20240309
92014||80.78|20240309
92020||21.81|20240309
92065||35.59|20240309
92071||34.34|20240309
92072||99.0|20240309
92100||34.34|20240309
92201||24.27|20240309
92202||15.61|20240309
92230||37.0|20240309
92260||11.54|20240309
92311||54.38|20240309
92312||64.83|20240309
92313||45.26|20240309
92315||21.8|20240309
92316||32.96|20240309
92317||21.8|20240309
92504||9.65|20240309
92511||41.15|20240309
92512||28.74|20240309
92516||23.95|20240309
92517||45.13|20240309
92518||45.59|20240309
92519||67.98|20240309
92520||42.6|20240309
92557||33.99|20240309
92567||11.54|20240309
92568||15.85|20240309
92570||31.06|20240309
92579||39.45|20240309
92601||131.23|20240309
92602||74.0|20240309
92603||127.51|20240309
92604||70.68|20240309
92610||76.22|20240309
92612||70.87|20240309
92614||69.51|20240309
92616||106.06|20240309
92620||84.58|20240309
92621||19.92|20240309
92622||71.07|20240309
92623||18.83|20240309
92625||65.05|20240309
92626||79.68|20240309
92627||18.83|20240309
92640||100.12|20240309
92950||188.07|20240309
92960||113.75|20240309
93150||44.77|20240309
93151||42.24|20240309
93152||99.1|20240309
93153||22.59|20240309
93264||36.85|20240309
93319||24.22|20240309
93356||11.96|20240309
93750||41.09|20240309
93797||9.26|20240309
93798||14.15|20240309
93888||152.83|20240309
93888|TC|126.85|20240309
93892||189.18|20240309
93892|TC|126.85|20240309
93893||189.81|20240309
93893|TC|127.02|20240309
93926||150.34|20240309
93926|TC|126.68|20240309
93976||166.48|20240309
93976|TC|126.85|20240309
93986||150.4|20240309
93986|TC|126.68|20240309
93990||150.23|20240309
93990|TC|126.68|20240309
94625||19.37|20240309
94626||28.52|20240309
94660||38.87|20240309
94780||24.49|20240309
94781||8.51|20240309
95017||3.85|20240309
95018||7.47|20240309
95024||0.97|20240309
95076||78.05|20240309
95079||71.9|20240309
95144||3.5|20240309
95145||3.11|20240309
95146||3.11|20240309
95147||3.11|20240309
95148||3.11|20240309
95149||3.11|20240309
95165||3.5|20240309
95170||3.11|20240309
95180||108.92|20240309
95717||111.6|20240309
95718||141.62|20240309
95719||169.19|20240309
95720||217.94|20240309
95721||217.71|20240309
95722||263.79|20240309
95723||264.04|20240309
95724||332.12|20240309
95725||304.89|20240309
95726||425.74|20240309
95830||96.76|20240309
95851||8.16|20240309
95852||5.63|20240309
95857||30.03|20240309
95970||19.19|20240309
95971||40.59|20240309
95972||41.91|20240309
95976||40.84|20240309
95977||54.22|20240309
95981||18.54|20240309
95982||37.62|20240309
95983||51.91|20240309
95984||45.48|20240309
95991||41.49|20240309
95992||37.83|20240309
96112||131.19|20240309
96113||60.13|20240309
96116||83.44|20240309
96121||68.98|20240309
96130||114.21|20240309
96131||78.67|20240309
96132||110.34|20240309
96133||79.07|20240309
96136||24.31|20240309
96137||18.57|20240309
96156||92.22|20240309
96158||61.59|20240309
96159||20.65|20240309
96164||9.85|20240309
96165||4.26|20240309
96167||65.06|20240309
96168||23.13|20240309
96202||22.7|20240309
96405||30.65|20240309
96406||47.41|20240309
96440||146.3|20240309
96446||20.86|20240309
96450||79.73|20240309
96542||44.88|20240309
96920||68.06|20240309
96921||77.07|20240309
96922||124.19|20240309
97129||23.53|20240309
97130||22.44|20240309
97550||48.49|20240309
97551||26.11|20240309
97552||11.39|20240309
97597||36.83|20240309
97598||25.48|20240309
97605||25.67|20240309
97606||28.2|20240309
97607||21.96|20240309
97608||25.57|20240309
97610||18.87|20240309
97802||34.91|20240309
97803||29.75|20240309
97804||16.85|20240309
97810||32.46|20240309
97811||27.17|20240309
97813||35.39|20240309
97814||29.93|20240309
98925||24.2|20240309
98926||36.67|20240309
98927||48.75|20240309
98928||61.46|20240309
98929||73.54|20240309
98940||23.34|20240309
98941||35.99|20240309
98942||48.23|20240309
98966||12.08|20240309
98967||23.37|20240309
98968||32.44|20240309
98972||32.34|20240309
98980||32.36|20240309
98981||32.01|20240309
99151||25.19|20240309
99152||12.54|20240309
99170||88.89|20240309
99202||49.99|20240309
99203||86.2|20240309
99204||140.61|20240309
99205||191.38|20240309
99211||9.26|20240309
99212||37.18|20240309
99213||69.65|20240309
99214||102.8|20240309
99215||152.65|20240309
99291||220.98|20240309
99292||111.15|20240309
99406||12.36|20240309
99407||26.21|20240309
99421||13.5|20240309
99422||26.61|20240309
99423||42.64|20240309
99424||78.66|20240309
99425||54.18|20240309
99426||52.02|20240309
99427||36.51|20240309
99437||53.38|20240309
99439||36.95|20240309
99441||36.95|20240309
99442||69.42|20240309
99443||102.8|20240309
99457||31.62|20240309
99458||31.62|20240309
99461||64.05|20240309
99474||9.26|20240309
99483||204.35|20240309
99484||46.35|20240309
99487||95.35|20240309
99489||52.99|20240309
99490||52.99|20240309
99491||79.76|20240309
99492||99.36|20240309
99493||108.5|20240309
99494||43.5|20240309
99495||148.25|20240309
99496||201.36|20240309
99497||79.76|20240309
99498||75.1|20240309
