SVC_CD|Modifier_1|FEE|ASOFDATE
G0011||23.5|20240309
G0013||9.12|20240309
G0017||192.52|20240309
G0018||96.38|20240309
G0019||52.21|20240309
G0022||36.41|20240309
G0023||52.21|20240309
G0024||36.41|20240309
G0101||28.7|20240309
G0102||9.12|20240309
G0104||60.04|20240309
G0105||190.14|20240309
G0105|53|95.27|20240309
G0121||190.36|20240309
G0121|53|95.48|20240309
G0127||7.6|20240309
G0136||9.51|20240309
G0140||52.21|20240309
G0146||36.41|20240309
G0168||14.64|20240309
G0245||41.16|20240309
G0246||20.53|20240309
G0247||22.24|20240309
G0268||34.2|20240309
G0270||29.37|20240309
G0271||16.63|20240309
G0296||26.29|20240309
G0316||31.54|20240309
G0317||31.54|20240309
G0318||30.97|20240309
G0323||45.27|20240309
G0341||308.04|20240309
G0396||32.73|20240309
G0397||66.3|20240309
G0402||136.98|20240309
G0429||71.64|20240309
G0442||9.51|20240309
G0443||23.5|20240309
G0444||9.51|20240309
G0445||23.5|20240309
G0446||23.89|20240309
G0447||23.5|20240309
G0455||72.64|20240309
G0473||12.01|20240309
G0500||5.64|20240309
G0506||45.98|20240309
G0513||61.78|20240309
G0514||62.17|20240309
G0516||101.56|20240309
G0517||115.67|20240309
G0518||188.8|20240309
G2010||9.51|20240309
G2012||13.3|20240309
G2082||36.27|20240309
G2083||36.27|20240309
G2086||418.73|20240309
G2087||402.72|20240309
G2088||39.72|20240309
G2212||32.55|20240309
G2213||62.14|20240309
G2214||39.98|20240309
G2250||9.51|20240309
G2251||13.3|20240309
G2252||26.0|20240309
G3002||77.5|20240309
G3003||27.0|20240309
G9978||29.11|20240309
G9979||49.25|20240309
G9980||78.74|20240309
G9981||132.69|20240309
G9982||177.24|20240309
G9983||29.11|20240309
G9984||57.35|20240309
G9985||86.95|20240309
G9986||126.84|20240309
Q0091||18.98|20240309
0446T||58.96|20240309
0447T||69.16|20240309
0448T||98.33|20240309
10004||44.32|20240309
10005||74.6|20240309
10006||51.28|20240309
10007||91.0|20240309
10008||51.03|20240309
10009||110.31|20240309
10010||71.54|20240309
10021||56.33|20240309
10030||136.47|20240309
10035||85.37|20240309
10036||43.01|20240309
10040||54.51|20240309
10060||118.12|20240309
10061||200.48|20240309
10080||115.31|20240309
10081||181.41|20240309
10120||116.59|20240309
10121||195.97|20240309
10140||128.61|20240309
10160||105.23|20240309
10180||191.2|20240309
11000||28.27|20240309
11001||15.23|20240309
11010||290.27|20240309
11011||306.69|20240309
11012||428.67|20240309
11042||63.7|20240309
11043||159.16|20240309
11044||231.51|20240309
11045||25.5|20240309
11046||55.44|20240309
11047||97.81|20240309
11055||15.75|20240309
11056||22.27|20240309
11057||29.19|20240309
11102||39.42|20240309
11103||22.9|20240309
11104||48.63|20240309
11105||26.51|20240309
11106||58.58|20240309
11107||31.77|20240309
11200||85.09|20240309
11201||16.86|20240309
11300||35.4|20240309
11301||53.38|20240309
11302||62.27|20240309
11303||74.08|20240309
11305||38.29|20240309
11306||50.49|20240309
11307||64.45|20240309
11308||71.58|20240309
11310||47.39|20240309
11311||65.37|20240309
11312||77.36|20240309
11313||100.09|20240309
11400||93.59|20240309
11401||116.1|20240309
11402||126.49|20240309
11403||163.6|20240309
11404||178.49|20240309
11406||264.87|20240309
11420||90.51|20240309
11421||118.86|20240309
11422||148.96|20240309
11423||171.11|20240309
11424||195.5|20240309
11426||284.86|20240309
11440||120.15|20240309
11441||147.16|20240309
11442||161.34|20240309
11443||194.75|20240309
11444||242.92|20240309
11446||338.16|20240309
11450||282.74|20240309
11451||354.6|20240309
11462||269.99|20240309
11463||357.28|20240309
11470||308.45|20240309
11471||376.54|20240309
11600||132.5|20240309
11601||159.99|20240309
11602||173.91|20240309
11603||206.46|20240309
11604||226.05|20240309
11606||330.88|20240309
11620||133.45|20240309
11621||160.55|20240309
11622||181.92|20240309
11623||222.78|20240309
11624||251.86|20240309
11626||304.48|20240309
11640||137.59|20240309
11641||167.38|20240309
11642||194.9|20240309
11643||241.36|20240309
11644||297.52|20240309
11646||406.94|20240309
11719||7.6|20240309
11720||14.34|20240309
11721||24.03|20240309
11730||55.93|20240309
11732||17.17|20240309
11740||35.73|20240309
11750||109.94|20240309
11755||62.58|20240309
11760||117.67|20240309
11762||199.71|20240309
11765||102.11|20240309
11770||196.0|20240309
11771||479.72|20240309
11772||621.72|20240309
11900||31.27|20240309
11901||47.56|20240309
11920||120.56|20240309
11921||137.69|20240309
11922||29.71|20240309
11950||53.81|20240309
11951||75.34|20240309
11952||105.78|20240309
11954||115.44|20240309
11976||94.46|20240309
11980||56.57|20240309
11981||63.96|20240309
11982||74.59|20240309
11983||105.28|20240309
12001||45.54|20240309
12002||59.45|20240309
12004||73.97|20240309
12005||94.06|20240309
12006||115.44|20240309
12007||143.9|20240309
12011||56.06|20240309
12013||57.5|20240309
12014||74.34|20240309
12015||93.22|20240309
12016||126.47|20240309
12020||201.49|20240309
12021||151.99|20240309
12031||163.9|20240309
12032||206.16|20240309
12034||219.58|20240309
12035||255.66|20240309
12036||295.85|20240309
12037||342.59|20240309
12041||155.72|20240309
12042||210.34|20240309
12044||228.17|20240309
12045||291.88|20240309
12046||334.95|20240309
12047||369.85|20240309
12051||182.38|20240309
12052||213.9|20240309
12053||229.95|20240309
12054||232.01|20240309
12055||318.52|20240309
12056||408.59|20240309
12057||443.8|20240309
13100||213.08|20240309
13101||264.1|20240309
13102||73.86|20240309
13120||248.15|20240309
13121||273.2|20240309
13122||85.06|20240309
13131||256.28|20240309
13132||319.69|20240309
13133||129.91|20240309
13151||293.81|20240309
13152||353.41|20240309
13153||140.49|20240309
14000||545.08|20240309
14001||699.09|20240309
14020||615.48|20240309
14021||762.71|20240309
14040||672.79|20240309
14041||819.09|20240309
14060||717.19|20240309
14061||880.47|20240309
14301||923.41|20240309
15002||226.38|20240309
15003||45.4|20240309
15004||268.7|20240309
15005||90.54|20240309
15040||129.92|20240309
15050||495.65|20240309
15100||761.13|20240309
15101||114.23|20240309
15110||751.34|20240309
15111||101.82|20240309
15115||733.26|20240309
15116||139.04|20240309
15120||733.71|20240309
15121||136.83|20240309
15130||643.67|20240309
15131||91.73|20240309
15135||809.64|20240309
15136||91.73|20240309
15150||666.3|20240309
15151||108.1|20240309
15152||140.36|20240309
15155||774.9|20240309
15156||149.08|20240309
15157||162.46|20240309
15200||720.39|20240309
15201||78.06|20240309
15220||658.86|20240309
15221||70.79|20240309
15240||862.04|20240309
15241||110.02|20240309
15260||912.81|20240309
15261||140.81|20240309
15271||86.71|20240309
15272||17.08|20240309
15273||198.77|20240309
15274||44.79|20240309
15275||96.15|20240309
15276||25.29|20240309
15277||226.64|20240309
15278||56.21|20240309
15570||773.8|20240309
15572||787.66|20240309
15574||789.9|20240309
15576||695.41|20240309
15600||236.15|20240309
15610||270.27|20240309
15620||358.63|20240309
15630||377.52|20240309
15650||439.74|20240309
15730||980.42|20240309
15731||1064.47|20240309
15740||902.39|20240309
15760||749.99|20240309
15771||550.71|20240309
15772||152.45|20240309
15773||538.6|20240309
15774||147.37|20240309
15775||266.1|20240309
15776||363.41|20240309
15780||722.91|20240309
15781||466.15|20240309
15782||407.33|20240309
15783||390.34|20240309
15786||144.15|20240309
15787||17.22|20240309
15788||242.37|20240309
15789||450.97|20240309
15792||236.48|20240309
15793||394.39|20240309
15820||568.14|20240309
15821||603.07|20240309
15822||438.8|20240309
15823||604.5|20240309
15837||768.51|20240309
15839||787.53|20240309
15851||68.92|20240309
16000||46.43|20240309
16020||60.32|20240309
16025||117.3|20240309
16030||137.24|20240309
17000||61.12|20240309
17003||2.15|20240309
17004||106.35|20240309
17106||300.34|20240309
17107||391.27|20240309
17108||567.17|20240309
17110||76.62|20240309
17111||92.0|20240309
17250||40.47|20240309
17260||76.7|20240309
17261||94.5|20240309
17262||118.82|20240309
17263||131.15|20240309
17264||139.85|20240309
17266||163.44|20240309
17270||103.2|20240309
17271||113.16|20240309
17272||130.07|20240309
17273||146.58|20240309
17274||178.32|20240309
17276||214.27|20240309
17280||94.1|20240309
17281||126.79|20240309
17282||145.85|20240309
17283||181.64|20240309
17284||210.77|20240309
17286||285.27|20240309
17311||370.53|20240309
17312||197.08|20240309
17313||332.41|20240309
17314||182.72|20240309
17315||52.14|20240309
17340||52.27|20240309
17360||99.4|20240309
19000||42.89|20240309
19001||21.33|20240309
19020||338.4|20240309
19030||77.16|20240309
19081||165.59|20240309
19082||82.88|20240309
19083||156.34|20240309
19084||78.06|20240309
19085||182.27|20240309
19086||90.83|20240309
19100||68.99|20240309
19101||234.54|20240309
19105||210.8|20240309
19110||377.96|20240309
19112||349.44|20240309
19120||441.57|20240309
19125||486.42|20240309
19281||100.17|20240309
19282||50.28|20240309
19283||100.82|20240309
19284||50.32|20240309
19285||85.37|20240309
19286||42.79|20240309
19287||127.91|20240309
19288||63.82|20240309
19296||212.39|20240309
19298||334.11|20240309
19300||464.98|20240309
19350||721.29|20240309
19355||659.73|20240309
19396||149.72|20240309
20101||216.51|20240309
20102||265.64|20240309
20103||362.61|20240309
20200||98.44|20240309
20205||159.54|20240309
20206||59.61|20240309
20220||89.75|20240309
20225||132.8|20240309
20500||96.58|20240309
20501||36.92|20240309
20520||160.96|20240309
20525||263.19|20240309
20526||59.02|20240309
20527||68.99|20240309
20550||39.99|20240309
20551||39.77|20240309
20552||38.45|20240309
20553||43.71|20240309
20560||15.48|20240309
20561||23.13|20240309
20600||37.09|20240309
20604||47.13|20240309
20605||38.17|20240309
20606||53.51|20240309
20610||47.12|20240309
20611||60.9|20240309
20612||43.01|20240309
20615||175.11|20240309
20650||180.79|20240309
20665||106.72|20240309
20670||158.34|20240309
20680||450.59|20240309
20694||374.15|20240309
20900||187.72|20240309
20922||531.0|20240309
20950||94.27|20240309
20974||54.57|20240309
20979||32.58|20240309
20982||370.27|20240309
20983||346.39|20240309
21011||286.83|20240309
21013||433.92|20240309
21025||711.53|20240309
21026||468.15|20240309
21029||675.15|20240309
21030||392.71|20240309
21031||299.64|20240309
21032||285.47|20240309
21034||1196.93|20240309
21040||394.28|20240309
21073||258.99|20240309
21076||736.13|20240309
21077||1807.56|20240309
21079||1217.52|20240309
21080||1374.56|20240309
21081||1262.5|20240309
21082||1166.64|20240309
21083||1078.62|20240309
21084||1246.38|20240309
21085||506.5|20240309
21086||1331.93|20240309
21087||1331.93|20240309
21100||389.46|20240309
21110||797.81|20240309
21116||46.33|20240309
21120||559.42|20240309
21121||572.03|20240309
21125||712.76|20240309
21127||825.3|20240309
21208||790.19|20240309
21209||661.53|20240309
21210||813.85|20240309
21215||845.18|20240309
21235||620.93|20240309
21245||1021.17|20240309
21248||846.14|20240309
21249||1174.34|20240309
21270||795.37|20240309
21315||62.64|20240309
21320||99.67|20240309
21337||333.0|20240309
21345||693.23|20240309
21355||358.02|20240309
21356||439.24|20240309
21400||191.36|20240309
21401||363.3|20240309
21421||602.29|20240309
21440||693.53|20240309
21445||698.72|20240309
21450||542.08|20240309
21451||717.78|20240309
21452||524.28|20240309
21453||1049.04|20240309
21461||1185.48|20240309
21462||1287.35|20240309
21480||31.31|20240309
21485||890.8|20240309
21497||662.61|20240309
21501||368.31|20240309
21550||168.56|20240309
21555||332.76|20240309
21820||169.29|20240309
21920||167.03|20240309
21925||411.25|20240309
21930||392.17|20240309
22310||326.68|20240309
22315||837.06|20240309
22510||443.58|20240309
22511||418.44|20240309
22512||207.74|20240309
22513||524.88|20240309
22514||490.08|20240309
22515||218.92|20240309
22902||358.22|20240309
23000||393.05|20240309
23030||273.87|20240309
23031||241.92|20240309
23065||171.98|20240309
23066||405.61|20240309
23075||357.25|20240309
23330||184.39|20240309
23350||50.89|20240309
23500||263.4|20240309
23505||377.07|20240309
23520||275.05|20240309
23525||412.55|20240309
23540||271.93|20240309
23545||367.88|20240309
23570||279.41|20240309
23575||427.77|20240309
23600||364.12|20240309
23605||477.13|20240309
23620||298.76|20240309
23625||397.08|20240309
23650||338.79|20240309
23665||449.13|20240309
23675||555.73|20240309
23930||230.36|20240309
23931||177.93|20240309
24065||177.34|20240309
24066||460.06|20240309
24075||357.66|20240309
24200||154.03|20240309
24201||441.44|20240309
24220||68.03|20240309
24500||382.65|20240309
24505||504.31|20240309
24530||400.39|20240309
24535||633.21|20240309
24560||337.84|20240309
24565||552.44|20240309
24576||361.09|20240309
24577||565.67|20240309
24600||380.83|20240309
24640||87.17|20240309
24650||284.75|20240309
24655||457.57|20240309
24670||307.34|20240309
24675||467.55|20240309
25065||172.26|20240309
25075||345.32|20240309
25246||74.82|20240309
25500||296.92|20240309
25505||515.81|20240309
25520||605.44|20240309
25530||281.93|20240309
25535||512.22|20240309
25560||298.37|20240309
25565||515.45|20240309
25600||376.79|20240309
25605||567.65|20240309
25622||327.3|20240309
25624||503.33|20240309
25630||324.76|20240309
25635||477.92|20240309
25650||349.21|20240309
25675||462.23|20240309
26010||156.24|20240309
26011||202.74|20240309
26055||326.92|20240309
26115||367.69|20240309
26160||352.85|20240309
26341||85.96|20240309
26600||332.76|20240309
26605||340.34|20240309
26641||432.59|20240309
26645||443.21|20240309
26670||352.26|20240309
26675||473.92|20240309
26700||352.44|20240309
26705||447.33|20240309
26720||219.7|20240309
26725||344.88|20240309
26740||255.57|20240309
26742||376.45|20240309
26750||220.67|20240309
26755||309.26|20240309
26770||297.44|20240309
26775||403.23|20240309
26991||568.97|20240309
27040||212.47|20240309
27047||387.91|20240309
27086||185.68|20240309
27093||69.7|20240309
27095||83.96|20240309
27096||87.05|20240309
27200||218.72|20240309
27220||448.43|20240309
27230||528.26|20240309
27246||426.62|20240309
27256||247.63|20240309
27278||497.24|20240309
27301||548.87|20240309
27323||189.94|20240309
27327||342.72|20240309
27369||41.24|20240309
27372||433.15|20240309
27500||524.68|20240309
27501||543.62|20240309
27508||549.14|20240309
27516||541.15|20240309
27520||344.44|20240309
27530||333.72|20240309
27532||633.25|20240309
27538||503.53|20240309
27550||518.36|20240309
27560||383.62|20240309
27603||421.3|20240309
27604||349.35|20240309
27605||196.98|20240309
27613||175.29|20240309
27614||450.22|20240309
27618||332.86|20240309
27630||390.05|20240309
27648||52.75|20240309
27656||372.98|20240309
27685||506.57|20240309
27750||368.25|20240309
27752||539.01|20240309
27760||351.96|20240309
27762||489.32|20240309
27767||334.48|20240309
27780||326.91|20240309
27781||453.53|20240309
27786||327.88|20240309
27788||430.22|20240309
27808||350.93|20240309
27810||475.28|20240309
27816||336.19|20240309
27818||486.28|20240309
27824||346.39|20240309
27825||537.47|20240309
27830||406.4|20240309
28001||99.16|20240309
28002||145.99|20240309
28003||265.92|20240309
28008||319.62|20240309
28010||228.93|20240309
28011||304.27|20240309
28020||397.54|20240309
28022||356.33|20240309
28024||336.43|20240309
28035||389.38|20240309
28039||363.72|20240309
28043||283.89|20240309
28045||375.79|20240309
28050||303.61|20240309
28052||278.3|20240309
28054||255.76|20240309
28060||391.53|20240309
28062||435.45|20240309
28070||371.81|20240309
28072||354.44|20240309
28080||418.04|20240309
28086||381.16|20240309
28088||322.36|20240309
28090||336.49|20240309
28092||299.4|20240309
28100||453.94|20240309
28104||384.86|20240309
28107||373.99|20240309
28108||315.01|20240309
28110||321.02|20240309
28111||343.49|20240309
28112||340.66|20240309
28113||466.79|20240309
28114||905.11|20240309
28116||624.94|20240309
28118||458.28|20240309
28119||395.99|20240309
28120||535.88|20240309
28122||475.49|20240309
28124||365.2|20240309
28126||273.39|20240309
28140||451.84|20240309
28150||304.0|20240309
28153||289.37|20240309
28160||292.14|20240309
28190||143.47|20240309
28192||336.43|20240309
28193||394.7|20240309
28200||355.91|20240309
28202||460.4|20240309
28208||350.81|20240309
28210||458.09|20240309
28220||332.28|20240309
28222||400.4|20240309
28225||289.77|20240309
28226||439.63|20240309
28230||309.62|20240309
28232||264.24|20240309
28234||298.03|20240309
28238||524.7|20240309
28240||319.27|20240309
28250||445.87|20240309
28260||581.11|20240309
28261||898.35|20240309
28262||1171.8|20240309
28264||715.52|20240309
28270||364.47|20240309
28272||273.52|20240309
28280||373.52|20240309
28285||422.1|20240309
28286||323.55|20240309
28288||477.05|20240309
28289||500.29|20240309
28291||516.82|20240309
28292||527.67|20240309
28295||651.31|20240309
28296||554.81|20240309
28297||647.74|20240309
28298||548.5|20240309
28299||641.54|20240309
28304||658.05|20240309
28306||441.02|20240309
28307||564.1|20240309
28308||423.38|20240309
28310||394.09|20240309
28312||377.2|20240309
28313||393.07|20240309
28315||353.51|20240309
28322||622.54|20240309
28340||437.87|20240309
28341||518.72|20240309
28344||303.95|20240309
28345||390.48|20240309
28400||263.11|20240309
28405||452.47|20240309
28430||239.96|20240309
28435||370.24|20240309
28450||218.52|20240309
28455||255.08|20240309
28470||235.49|20240309
28475||256.52|20240309
28490||143.45|20240309
28495||169.79|20240309
28496||310.15|20240309
28505||537.48|20240309
28510||139.08|20240309
28515||164.07|20240309
28525||446.32|20240309
28530||116.51|20240309
28531||200.4|20240309
28540||199.37|20240309
28545||309.39|20240309
28546||398.1|20240309
28555||713.25|20240309
28570||227.22|20240309
28575||384.07|20240309
28585||760.86|20240309
28600||181.54|20240309
28605||348.55|20240309
28630||118.78|20240309
28635||142.37|20240309
28636||243.38|20240309
28645||527.52|20240309
28660||102.47|20240309
28665||137.56|20240309
28675||453.13|20240309
28740||663.38|20240309
28750||621.05|20240309
28755||364.1|20240309
28760||615.29|20240309
28820||183.1|20240309
28825||178.69|20240309
28890||242.86|20240309
29000||209.84|20240309
29010||172.39|20240309
29015||192.95|20240309
29035||155.5|20240309
29040||186.38|20240309
29044||180.17|20240309
29046||202.01|20240309
29049||75.25|20240309
29055||147.96|20240309
29058||99.6|20240309
29065||73.56|20240309
29075||67.75|20240309
29085||72.95|20240309
29086||54.2|20240309
29105||42.21|20240309
29125||43.84|20240309
29126||53.35|20240309
29130||30.05|20240309
29131||36.49|20240309
29200||18.87|20240309
29240||18.48|20240309
29260||19.48|20240309
29280||20.7|20240309
29305||170.36|20240309
29325||190.23|20240309
29345||105.43|20240309
29355||112.7|20240309
29358||109.68|20240309
29365||93.94|20240309
29405||63.22|20240309
29425||58.24|20240309
29435||92.36|20240309
29440||29.21|20240309
29445||103.32|20240309
29450||117.76|20240309
29505||56.49|20240309
29515||53.31|20240309
29520||18.87|20240309
29530||18.48|20240309
29540||17.51|20240309
29550||11.33|20240309
29580||26.6|20240309
29581||27.8|20240309
29584||16.11|20240309
29700||34.24|20240309
29705||46.28|20240309
29710||85.09|20240309
29720||45.55|20240309
29730||46.55|20240309
29740||71.19|20240309
29750||79.56|20240309
29870||448.45|20240309
29893||480.76|20240309
30000||132.89|20240309
30020||134.86|20240309
30100||73.91|20240309
30110||145.67|20240309
30117||461.89|20240309
30120||457.17|20240309
30140||186.6|20240309
30200||64.86|20240309
30210||114.3|20240309
30220||140.8|20240309
30300||137.96|20240309
30468||177.54|20240309
30469||158.47|20240309
30560||169.97|20240309
30580||496.12|20240309
30600||412.58|20240309
30801||172.18|20240309
30802||224.82|20240309
30901||57.44|20240309
30903||77.92|20240309
30905||107.94|20240309
30906||136.05|20240309
31000||122.64|20240309
31020||383.76|20240309
31030||566.39|20240309
31231||67.42|20240309
31233||142.82|20240309
31235||167.88|20240309
31237||168.31|20240309
31238||175.89|20240309
31242||164.68|20240309
31243||164.68|20240309
31254||252.38|20240309
31295||164.46|20240309
31296||186.69|20240309
31297||150.2|20240309
31298||265.26|20240309
31505||54.07|20240309
31510||128.13|20240309
31511||141.74|20240309
31512||136.66|20240309
31515||117.08|20240309
31525||167.97|20240309
31570||237.98|20240309
31572||188.91|20240309
31573||156.34|20240309
31574||156.95|20240309
31575||73.73|20240309
31576||126.32|20240309
31577||139.83|20240309
31578||156.95|20240309
31579||126.72|20240309
31612||49.08|20240309
31615||122.21|20240309
31622||134.87|20240309
31623||134.58|20240309
31624||136.37|20240309
31625||158.79|20240309
31626||199.03|20240309
31627||96.88|20240309
31628||178.76|20240309
31629||189.43|20240309
31632||49.34|20240309
31633||63.26|20240309
31634||190.83|20240309
31635||178.2|20240309
31645||149.93|20240309
31652||223.25|20240309
31653||247.14|20240309
31654||67.56|20240309
31717||108.77|20240309
31730||147.71|20240309
31820||359.15|20240309
31825||523.15|20240309
31830||402.89|20240309
32400||84.49|20240309
32408||153.34|20240309
32550||206.23|20240309
32552||163.73|20240309
32553||177.09|20240309
32554||89.55|20240309
32555||110.25|20240309
32556||124.51|20240309
32557||150.29|20240309
32560||75.91|20240309
32561||67.87|20240309
32562||60.74|20240309
32960||92.87|20240309
32994||438.5|20240309
32998||439.29|20240309
33285||87.01|20240309
33286||85.38|20240309
36002||104.77|20240309
36005||46.94|20240309
36010||106.36|20240309
36011||153.56|20240309
36012||171.21|20240309
36013||125.15|20240309
36014||149.38|20240309
36015||170.37|20240309
36100||146.53|20240309
36140||86.81|20240309
36160||122.0|20240309
36200||134.99|20240309
36215||212.13|20240309
36216||267.01|20240309
36217||326.4|20240309
36218||51.65|20240309
36221||194.3|20240309
36222||280.96|20240309
36223||324.07|20240309
36224||363.93|20240309
36225||321.09|20240309
36226||361.7|20240309
36227||118.9|20240309
36228||244.32|20240309
36245||231.93|20240309
36246||245.97|20240309
36247||292.4|20240309
36248||47.73|20240309
36251||250.82|20240309
36252||349.11|20240309
36253||351.48|20240309
36254||407.1|20240309
36400||19.14|20240309
36405||15.35|20240309
36406||9.12|20240309
36410||9.34|20240309
36465||117.01|20240309
36466||149.11|20240309
36470||37.53|20240309
36471||74.66|20240309
36473||178.1|20240309
36474||87.22|20240309
36475||272.88|20240309
36476||129.81|20240309
36478||273.94|20240309
36479||133.14|20240309
36481||324.64|20240309
36482||176.09|20240309
36483||85.94|20240309
36510||54.71|20240309
36514||96.18|20240309
36516||86.38|20240309
36522||99.78|20240309
36555||84.74|20240309
36556||84.84|20240309
36557||330.35|20240309
36558||265.14|20240309
36560||392.66|20240309
36561||339.05|20240309
36563||369.06|20240309
36565||340.61|20240309
36566||362.74|20240309
36570||342.31|20240309
36571||320.46|20240309
36572||80.14|20240309
36573||84.19|20240309
36575||33.85|20240309
36576||188.11|20240309
36578||208.97|20240309
36580||65.36|20240309
36581||187.54|20240309
36582||292.63|20240309
36583||338.31|20240309
36584||58.94|20240309
36585||288.67|20240309
36589||140.76|20240309
36590||195.55|20240309
36595||182.12|20240309
36596||46.51|20240309
36597||60.33|20240309
36598||35.85|20240309
36600||15.3|20240309
36836||354.03|20240309
36837||456.78|20240309
36860||108.84|20240309
36901||166.37|20240309
36902||237.27|20240309
36903||310.26|20240309
36904||363.11|20240309
36905||437.81|20240309
36906||503.98|20240309
36907||143.71|20240309
36908||202.67|20240309
36909||196.97|20240309
37183||372.65|20240309
37184||422.45|20240309
37185||158.36|20240309
37186||235.99|20240309
37187||387.74|20240309
37188||276.8|20240309
37191||218.35|20240309
37192||327.66|20240309
37193||341.46|20240309
37197||295.51|20240309
37220||386.27|20240309
37221||474.6|20240309
37222||178.02|20240309
37223||203.01|20240309
37224||428.6|20240309
37225||579.2|20240309
37226||499.45|20240309
37227||691.43|20240309
37228||521.11|20240309
37229||671.96|20240309
37230||670.65|20240309
37231||716.2|20240309
37232||192.58|20240309
37233||312.48|20240309
37234||272.48|20240309
37235||360.72|20240309
37236||426.08|20240309
37237||202.97|20240309
37238||299.23|20240309
37239||146.51|20240309
37241||420.91|20240309
37242||466.52|20240309
37243||557.17|20240309
37244||656.47|20240309
37246||339.52|20240309
37247||168.53|20240309
37248||293.16|20240309
37249||142.06|20240309
37252||86.39|20240309
37253||68.81|20240309
37609||213.33|20240309
37765||269.86|20240309
37766||329.86|20240309
37785||260.78|20240309
38220||70.32|20240309
38221||73.45|20240309
38222||77.77|20240309
38300||227.49|20240309
38500||267.47|20240309
38505||88.49|20240309
38510||437.32|20240309
38792||32.6|20240309
40490||72.44|20240309
40500||408.42|20240309
40510||379.01|20240309
40520||387.51|20240309
40530||438.86|20240309
40650||345.97|20240309
40652||394.81|20240309
40654||464.91|20240309
40800||132.25|20240309
40801||216.96|20240309
40804||126.01|20240309
40805||214.73|20240309
40806||32.54|20240309
40808||98.14|20240309
40810||135.58|20240309
40812||198.81|20240309
40814||310.03|20240309
40816||333.08|20240309
40818||293.65|20240309
40819||219.3|20240309
40820||187.81|20240309
40830||158.86|20240309
40831||218.89|20240309
40840||678.74|20240309
40842||726.37|20240309
40843||921.52|20240309
40844||1251.15|20240309
40845||1277.0|20240309
41000||113.94|20240309
41005||128.5|20240309
41006||250.21|20240309
41007||240.05|20240309
41008||280.46|20240309
41009||311.48|20240309
41010||122.5|20240309
41015||325.22|20240309
41016||377.75|20240309
41017||375.74|20240309
41018||435.21|20240309
41100||116.8|20240309
41105||120.09|20240309
41108||100.28|20240309
41110||142.71|20240309
41112||267.48|20240309
41113||288.96|20240309
41115||160.27|20240309
41116||238.35|20240309
41250||165.75|20240309
41251||197.36|20240309
41252||223.06|20240309
41520||277.8|20240309
41530||419.77|20240309
41800||172.97|20240309
41805||221.28|20240309
41806||306.74|20240309
41822||219.04|20240309
41823||405.8|20240309
41825||134.32|20240309
41826||213.92|20240309
41827||314.36|20240309
41828||236.55|20240309
41830||342.95|20240309
41872||337.6|20240309
41874||266.17|20240309
42000||120.29|20240309
42100||120.84|20240309
42104||147.76|20240309
42106||174.71|20240309
42107||350.69|20240309
42140||181.79|20240309
42160||153.44|20240309
42180||203.4|20240309
42182||277.01|20240309
42260||717.85|20240309
42280||117.23|20240309
42281||176.71|20240309
42300||171.17|20240309
42310||148.85|20240309
42320||195.09|20240309
42330||179.81|20240309
42335||288.32|20240309
42340||375.41|20240309
42400||56.73|20240309
42405||244.36|20240309
42408||380.41|20240309
42409||255.37|20240309
42450||397.79|20240309
42500||378.4|20240309
42505||498.23|20240309
42550||62.4|20240309
42600||387.51|20240309
42650||64.12|20240309
42660||91.7|20240309
42665||240.04|20240309
42700||149.09|20240309
42720||407.71|20240309
42800||128.55|20240309
42804||137.17|20240309
42806||156.56|20240309
42808||179.77|20240309
42809||136.18|20240309
42810||312.32|20240309
43197||83.89|20240309
43198||100.65|20240309
43200||91.86|20240309
43201||108.05|20240309
43202||107.44|20240309
43206||137.79|20240309
43213||265.13|20240309
43215||145.52|20240309
43216||138.75|20240309
43217||165.79|20240309
43220||122.59|20240309
43226||134.32|20240309
43227||170.51|20240309
43229||202.76|20240309
43235||127.42|20240309
43236||143.65|20240309
43239||143.65|20240309
43245||180.49|20240309
43247||182.22|20240309
43248||171.77|20240309
43249||158.81|20240309
43250||174.94|20240309
43251||202.04|20240309
43252||173.87|20240309
43255||206.47|20240309
43270||231.02|20240309
43290||183.39|20240309
43291||165.47|20240309
43450||83.81|20240309
43453||90.86|20240309
43754||40.77|20240309
43755||63.23|20240309
43756||54.24|20240309
43757||80.94|20240309
43761||104.8|20240309
43762||37.31|20240309
43763||90.63|20240309
44380||60.84|20240309
44381||88.84|20240309
44382||77.86|20240309
44385||76.17|20240309
44386||93.15|20240309
44388||160.46|20240309
44388|53|80.53|20240309
44389||176.79|20240309
44390||216.81|20240309
44391||237.21|20240309
44392||203.66|20240309
44394||231.25|20240309
44401||249.45|20240309
44404||176.79|20240309
44405||189.25|20240309
45005||177.31|20240309
45300||50.22|20240309
45303||89.24|20240309
45305||76.29|20240309
45307||103.09|20240309
45308||87.21|20240309
45309||92.24|20240309
45315||108.33|20240309
45317||115.1|20240309
45320||107.43|20240309
45330||60.04|20240309
45331||76.05|20240309
45332||109.81|20240309
45333||97.91|20240309
45334||122.34|20240309
45335||70.45|20240309
45338||124.87|20240309
45340||82.03|20240309
45346||165.77|20240309
45350||105.28|20240309
45378||190.14|20240309
45378|53|95.27|20240309
45379||245.26|20240309
45380||206.73|20240309
45381||206.33|20240309
45382||265.98|20240309
45384||233.17|20240309
45385||261.15|20240309
45386||217.92|20240309
45388||277.19|20240309
45398||240.58|20240309
45520||43.93|20240309
45915||244.03|20240309
46030||90.01|20240309
46040||459.21|20240309
46050||110.16|20240309
46080||165.2|20240309
46083||118.77|20240309
46200||374.47|20240309
46220||131.19|20240309
46221||209.87|20240309
46230||184.33|20240309
46250||342.49|20240309
46255||379.75|20240309
46270||435.39|20240309
46275||458.33|20240309
46285||459.55|20240309
46320||121.36|20240309
46500||204.46|20240309
46505||271.13|20240309
46600||44.36|20240309
46601||98.0|20240309
46604||69.4|20240309
46606||79.01|20240309
46607||129.33|20240309
46608||87.21|20240309
46610||83.57|20240309
46611||84.57|20240309
46612||97.88|20240309
46614||67.94|20240309
46615||95.16|20240309
46754||265.83|20240309
46900||148.84|20240309
46910||145.41|20240309
46916||154.66|20240309
46917||138.28|20240309
46922||147.85|20240309
46924||192.71|20240309
46930||167.87|20240309
46940||153.39|20240309
46942||138.24|20240309
47000||89.96|20240309
47382||740.83|20240309
47383||453.38|20240309
47531||72.02|20240309
47532||211.25|20240309
47533||263.0|20240309
47534||367.61|20240309
47535||195.95|20240309
47536||132.4|20240309
47537||97.67|20240309
47538||234.28|20240309
47539||423.96|20240309
47540||436.71|20240309
47541||335.53|20240309
47542||134.55|20240309
47543||142.26|20240309
47544||155.05|20240309
48102||239.22|20240309
49082||76.0|20240309
49083||108.87|20240309
49180||83.25|20240309
49185||120.37|20240309
49400||90.42|20240309
49405||195.29|20240309
49406||195.29|20240309
49407||205.96|20240309
49411||189.54|20240309
49418||202.06|20240309
49423||70.66|20240309
49424||37.53|20240309
49436||194.48|20240309
49440||205.72|20240309
49441||243.45|20240309
49442||213.2|20240309
49446||145.92|20240309
49450||65.45|20240309
49451||88.44|20240309
49452||136.08|20240309
49460||51.36|20240309
49465||30.74|20240309
50200||129.8|20240309
50382||250.9|20240309
50384||226.44|20240309
50385||218.08|20240309
50386||166.13|20240309
50387||82.96|20240309
50389||53.56|20240309
50391||99.71|20240309
50430||156.56|20240309
50431||68.92|20240309
50432||206.71|20240309
50433||255.8|20240309
50434||192.27|20240309
50435||102.11|20240309
50551||299.77|20240309
50553||320.47|20240309
50555||347.7|20240309
50557||352.17|20240309
50561||401.72|20240309
50590||602.86|20240309
50592||349.27|20240309
50593||464.59|20240309
50606||136.46|20240309
50684||54.29|20240309
50686||92.7|20240309
50690||73.33|20240309
50693||205.74|20240309
50694||268.15|20240309
50695||343.28|20240309
50705||173.85|20240309
50706||179.8|20240309
50951||313.16|20240309
50953||332.99|20240309
50955||359.01|20240309
50957||360.77|20240309
50961||323.52|20240309
51100||39.83|20240309
51101||51.83|20240309
51102||146.58|20240309
51600||44.21|20240309
51610||67.6|20240309
51700||30.5|20240309
51701||26.08|20240309
51702||25.86|20240309
51703||78.13|20240309
51705||53.99|20240309
51710||84.05|20240309
51715||204.6|20240309
51720||44.3|20240309
52000||82.36|20240309
52001||293.25|20240309
52005||138.03|20240309
52007||171.06|20240309
52010||170.23|20240309
52204||145.8|20240309
52214||177.07|20240309
52224||204.86|20240309
52265||166.97|20240309
52270||186.43|20240309
52275||253.83|20240309
52281||156.81|20240309
52283||206.67|20240309
52284||168.45|20240309
52285||201.26|20240309
52287||172.52|20240309
52310||155.53|20240309
52315||280.07|20240309
52317||352.26|20240309
52330||268.49|20240309
52332||160.21|20240309
52441||213.96|20240309
52442||51.27|20240309
52647||682.43|20240309
52648||726.05|20240309
53060||174.92|20240309
53200||146.84|20240309
53260||191.52|20240309
53265||198.74|20240309
53270||195.41|20240309
53600||65.05|20240309
53601||54.97|20240309
53620||89.59|20240309
53621||73.81|20240309
53660||43.53|20240309
53661||41.9|20240309
53850||382.13|20240309
53852||408.15|20240309
53854||408.15|20240309
53855||83.18|20240309
53860||233.02|20240309
54000||120.25|20240309
54001||150.09|20240309
54050||117.8|20240309
54055||105.01|20240309
54056||123.88|20240309
54057||106.99|20240309
54060||141.74|20240309
54065||186.08|20240309
54100||129.3|20240309
54105||225.52|20240309
54115||454.65|20240309
54150||98.05|20240309
54160||152.98|20240309
54162||212.63|20240309
54200||95.68|20240309
54220||138.57|20240309
54230||83.89|20240309
54231||120.95|20240309
54235||78.15|20240309
54450||58.22|20240309
55000||88.97|20240309
55100||180.47|20240309
55200||295.69|20240309
55250||248.2|20240309
55700||133.45|20240309
55870||147.03|20240309
55873||799.12|20240309
55874||170.27|20240309
55876||107.7|20240309
56405||139.4|20240309
56420||120.14|20240309
56441||169.25|20240309
56501||146.98|20240309
56515||228.26|20240309
56605||60.76|20240309
56606||29.79|20240309
56820||87.15|20240309
56821||116.98|20240309
57020||81.06|20240309
57061||127.14|20240309
57065||200.19|20240309
57100||67.37|20240309
57105||161.01|20240309
57130||186.23|20240309
57135||202.16|20240309
57150||26.29|20240309
57155||299.05|20240309
57156||160.04|20240309
57160||46.82|20240309
57170||48.11|20240309
57180||131.0|20240309
57420||92.96|20240309
57421||125.51|20240309
57452||95.42|20240309
57454||138.83|20240309
57455||111.74|20240309
57456||104.16|20240309
57460||165.12|20240309
57461||187.38|20240309
57465||43.3|20240309
57500||79.18|20240309
57505||120.98|20240309
57510||118.69|20240309
57511||159.99|20240309
57513||159.2|20240309
57520||320.54|20240309
57522||274.81|20240309
57558||139.85|20240309
57800||50.77|20240309
58100||64.56|20240309
58110||40.93|20240309
58120||248.63|20240309
58301||67.61|20240309
58321||49.06|20240309
58322||58.62|20240309
58323||12.27|20240309
58340||61.05|20240309
58350||104.68|20240309
58353||245.03|20240309
58356||365.62|20240309
58555||156.75|20240309
58558||238.14|20240309
58562||228.14|20240309
58563||252.79|20240309
58565||486.37|20240309
58580||420.19|20240309
58800||338.9|20240309
58970||202.31|20240309
58976||217.97|20240309
59000||81.81|20240309
59015||132.01|20240309
59070||308.93|20240309
59074||308.93|20240309
59160||195.77|20240309
59200||44.17|20240309
59300||149.54|20240309
59425||433.88|20240309
59426||796.34|20240309
59430||179.49|20240309
59812||321.08|20240309
59820||412.17|20240309
59821||398.63|20240309
59840||234.0|20240309
59841||385.39|20240309
60000||174.96|20240309
60100||77.83|20240309
60300||49.47|20240309
62263||347.78|20240309
62264||256.18|20240309
62267||158.18|20240309
62270||63.66|20240309
62272||91.89|20240309
62273||117.58|20240309
62280||169.71|20240309
62281||164.74|20240309
62282||150.89|20240309
62284||85.81|20240309
62290||161.87|20240309
62291||146.72|20240309
62302||122.36|20240309
62303||122.53|20240309
62304||120.99|20240309
62305||125.59|20240309
62320||103.52|20240309
62321||112.46|20240309
62322||81.82|20240309
62323||103.97|20240309
62324||91.25|20240309
62325||114.12|20240309
62326||87.49|20240309
62327||112.54|20240309
62328||87.18|20240309
62329||105.76|20240309
62367||25.57|20240309
62368||35.25|20240309
62369||36.04|20240309
62370||47.08|20240309
63650||437.2|20240309
63661||347.21|20240309
63663||473.29|20240309
64400||53.4|20240309
64405||53.41|20240309
64408||46.9|20240309
64415||70.98|20240309
64417||65.67|20240309
64418||57.1|20240309
64420||60.71|20240309
64421||25.64|20240309
64425||56.8|20240309
64430||56.84|20240309
64435||45.36|20240309
64445||74.53|20240309
64447||64.69|20240309
64450||43.71|20240309
64451||85.27|20240309
64454||86.06|20240309
64455||34.0|20240309
64461||78.99|20240309
64462||48.97|20240309
64463||82.14|20240309
64479||137.5|20240309
64480||63.06|20240309
64483||117.62|20240309
64484||53.25|20240309
64486||55.6|20240309
64487||63.78|20240309
64488||69.28|20240309
64489||77.72|20240309
64490||110.95|20240309
64491||61.12|20240309
64492||62.3|20240309
64493||95.72|20240309
64494||52.47|20240309
64495||53.65|20240309
64505||111.17|20240309
64510||82.07|20240309
64517||133.2|20240309
64520||90.67|20240309
64530||100.14|20240309
64553||463.87|20240309
64555||340.11|20240309
64561||315.24|20240309
64566||30.89|20240309
64585||154.17|20240309
64590||308.14|20240309
64595||241.6|20240309
64600||248.98|20240309
64605||437.81|20240309
64610||493.29|20240309
64611||122.6|20240309
64612||129.08|20240309
64615||124.88|20240309
64616||113.14|20240309
64617||112.88|20240309
64620||188.37|20240309
64624||154.55|20240309
64625||206.59|20240309
64630||201.24|20240309
64632||70.95|20240309
64633||203.02|20240309
64634||69.16|20240309
64635||203.41|20240309
64636||60.51|20240309
64640||126.12|20240309
64642||111.09|20240309
64643||71.68|20240309
64644||120.44|20240309
64645||82.58|20240309
64646||119.35|20240309
64647||136.83|20240309
64650||42.26|20240309
64653||53.07|20240309
64680||170.07|20240309
64681||230.8|20240309
64721||482.64|20240309
65125||324.63|20240309
65205||30.77|20240309
65210||38.02|20240309
65220||43.13|20240309
65222||53.4|20240309
65270||151.36|20240309
65272||382.57|20240309
65275||496.76|20240309
65286||535.41|20240309
65400||656.82|20240309
65410||109.91|20240309
65420||418.15|20240309
65426||520.82|20240309
65430||108.51|20240309
65435||75.47|20240309
65436||401.25|20240309
65450||357.66|20240309
65600||372.48|20240309
65772||441.62|20240309
65778||46.09|20240309
65779||125.81|20240309
65785||484.59|20240309
65800||93.45|20240309
65815||518.89|20240309
65855||219.89|20240309
65860||266.72|20240309
66020||143.1|20240309
66030||122.17|20240309
66130||608.27|20240309
66250||604.7|20240309
66700||424.82|20240309
66710||424.43|20240309
66720||451.63|20240309
66740||424.82|20240309
66761||256.91|20240309
66762||461.98|20240309
66770||523.55|20240309
66821||343.53|20240309
67025||684.42|20240309
67028||97.24|20240309
67031||384.49|20240309
67101||310.47|20240309
67105||299.41|20240309
67110||884.06|20240309
67120||602.91|20240309
67141||237.23|20240309
67145||237.23|20240309
67208||624.14|20240309
67210||541.11|20240309
67220||541.29|20240309
67221||219.15|20240309
67225||28.73|20240309
67227||274.24|20240309
67228||324.48|20240309
67345||230.08|20240309
67500||67.28|20240309
67505||76.12|20240309
67515||49.75|20240309
67516||102.9|20240309
67700||127.38|20240309
67710||108.2|20240309
67715||116.94|20240309
67800||110.4|20240309
67801||140.94|20240309
67805||175.94|20240309
67810||71.04|20240309
67820||23.96|20240309
67825||133.92|20240309
67830||149.44|20240309
67840||169.97|20240309
67850||142.05|20240309
67875||102.66|20240309
67880||400.83|20240309
67882||511.35|20240309
67900||544.85|20240309
67901||639.1|20240309
67903||518.32|20240309
67904||642.92|20240309
67908||471.46|20240309
67909||475.07|20240309
67912||523.96|20240309
67914||361.48|20240309
67915||222.04|20240309
67916||466.66|20240309
67917||494.31|20240309
67921||344.49|20240309
67922||222.04|20240309
67923||467.23|20240309
67924||494.49|20240309
67930||250.52|20240309
67935||468.42|20240309
67938||129.41|20240309
67950||500.56|20240309
67961||492.49|20240309
67966||703.79|20240309
68020||119.97|20240309
68040||50.37|20240309
68100||102.44|20240309
68110||162.06|20240309
68115||198.26|20240309
68130||450.63|20240309
68135||162.7|20240309
68200||36.5|20240309
68320||588.74|20240309
68330||500.92|20240309
68340||432.13|20240309
68360||446.72|20240309
68400||142.4|20240309
68420||179.1|20240309
68440||111.55|20240309
68510||303.52|20240309
68530||271.88|20240309
68705||180.1|20240309
68760||159.52|20240309
68761||128.65|20240309
68801||88.55|20240309
68810||139.86|20240309
68815||242.68|20240309
68816||169.92|20240309
68840||129.26|20240309
68841||34.53|20240309
68850||54.83|20240309
69000||137.73|20240309
69005||175.43|20240309
69020||159.8|20240309
69100||48.52|20240309
69105||69.04|20240309
69110||362.59|20240309
69145||286.36|20240309
69200||49.95|20240309
69210||33.59|20240309
69220||54.18|20240309
69222||151.73|20240309
69300||509.67|20240309
69420||133.37|20240309
69424||65.46|20240309
69433||146.03|20240309
69540||145.65|20240309
69610||306.37|20240309
69620||542.23|20240309
69705||181.08|20240309
69706||252.2|20240309
69801||130.81|20240309
70370||119.48|20240309
70370|TC|103.78|20240309
70496||295.89|20240309
70496|TC|210.15|20240309
70498||295.89|20240309
70498|TC|210.15|20240309
71275||299.28|20240309
71275|TC|210.15|20240309
71550||351.92|20240309
71550|TC|280.24|20240309
71552||550.84|20240309
71552|TC|439.94|20240309
72191||297.54|20240309
72191|TC|209.93|20240309
72193||267.39|20240309
72193|TC|210.32|20240309
72194||269.83|20240309
72194|TC|210.32|20240309
73200||174.86|20240309
73200|TC|125.84|20240309
73202||269.83|20240309
73202|TC|210.32|20240309
73206||297.54|20240309
73206|TC|209.93|20240309
73218||347.16|20240309
73218|TC|280.24|20240309
73706||302.41|20240309
73706|TC|210.15|20240309
74160||272.94|20240309
74160|TC|210.32|20240309
74170||278.95|20240309
74170|TC|210.32|20240309
74175||298.67|20240309
74175|TC|209.93|20240309
74251||267.91|20240309
74251|TC|210.5|20240309
74261||243.48|20240309
74261|TC|125.84|20240309
74262||332.96|20240309
74262|TC|210.11|20240309
74712||428.09|20240309
74712|TC|280.24|20240309
75573||334.31|20240309
75573|TC|209.97|20240309
75574||326.79|20240309
75574|TC|209.75|20240309
75635||326.04|20240309
75635|TC|210.15|20240309
76380||150.37|20240309
76380|TC|103.78|20240309
76800||189.02|20240309
76800|TC|125.84|20240309
76872||159.68|20240309
76872|TC|125.84|20240309
76885||140.38|20240309
76885|TC|104.0|20240309
77078||116.08|20240309
77078|TC|103.78|20240309
77084||359.07|20240309
77084|TC|280.24|20240309
80503||23.0|20240309
80504||49.49|20240309
80505||92.86|20240309
85097||49.73|20240309
86077||50.91|20240309
86078||50.91|20240309
86079||50.91|20240309
88321||86.15|20240309
88325||137.35|20240309
88329||36.35|20240309
88363||19.76|20240309
89049||61.34|20240309
90785||13.46|20240309
90791||152.61|20240309
90792||175.29|20240309
90832||70.54|20240309
90833||66.16|20240309
90834||93.37|20240309
90836||83.87|20240309
90837||137.79|20240309
90838||111.16|20240309
90839||133.48|20240309
90840||66.77|20240309
90845||89.65|20240309
90846||100.63|20240309
90847||105.17|20240309
90849||31.06|20240309
90853||24.76|20240309
90865||126.2|20240309
90870||108.03|20240309
90880||88.7|20240309
90901||19.95|20240309
90912||44.03|20240309
90913||24.81|20240309
92002||47.81|20240309
92004||98.68|20240309
92012||52.94|20240309
92014||79.69|20240309
92020||21.52|20240309
92065||35.1|20240309
92071||33.87|20240309
92072||97.64|20240309
92100||33.87|20240309
92201||23.94|20240309
92202||15.4|20240309
92230||36.5|20240309
92260||11.38|20240309
92311||53.64|20240309
92312||63.94|20240309
92313||44.63|20240309
92315||21.49|20240309
92316||32.5|20240309
92317||21.49|20240309
92504||9.51|20240309
92511||40.6|20240309
92512||28.31|20240309
92516||23.61|20240309
92517||44.51|20240309
92518||44.95|20240309
92519||67.05|20240309
92520||42.02|20240309
92557||33.53|20240309
92567||11.38|20240309
92568||15.63|20240309
92570||30.64|20240309
92579||38.91|20240309
92601||129.47|20240309
92602||73.01|20240309
92603||125.79|20240309
92604||69.73|20240309
92610||75.19|20240309
92612||69.88|20240309
92614||68.52|20240309
92616||104.57|20240309
92620||83.42|20240309
92621||19.65|20240309
92622||70.12|20240309
92623||18.58|20240309
92625||64.16|20240309
92626||78.61|20240309
92627||18.58|20240309
92640||98.78|20240309
92950||185.05|20240309
92960||112.12|20240309
93150||44.11|20240309
93151||41.62|20240309
93152||97.66|20240309
93153||22.25|20240309
93264||36.27|20240309
93319||23.85|20240309
93356||11.78|20240309
93750||40.42|20240309
93797||9.12|20240309
93798||13.93|20240309
93888||151.26|20240309
93888|TC|125.66|20240309
93892||187.11|20240309
93892|TC|125.66|20240309
93893||187.72|20240309
93893|TC|125.84|20240309
93926||148.76|20240309
93926|TC|125.48|20240309
93976||164.7|20240309
93976|TC|125.66|20240309
93986||148.8|20240309
93986|TC|125.48|20240309
93990||148.62|20240309
93990|TC|125.48|20240309
94625||19.07|20240309
94626||28.08|20240309
94660||38.28|20240309
94780||24.13|20240309
94781||8.39|20240309
95017||3.79|20240309
95018||7.36|20240309
95024||0.95|20240309
95076||76.94|20240309
95079||70.88|20240309
95144||3.45|20240309
95145||3.05|20240309
95146||3.05|20240309
95147||3.05|20240309
95148||3.05|20240309
95149||3.05|20240309
95165||3.45|20240309
95170||3.05|20240309
95180||107.4|20240309
95717||109.97|20240309
95718||139.55|20240309
95719||166.73|20240309
95720||214.77|20240309
95721||214.55|20240309
95722||259.94|20240309
95723||260.21|20240309
95724||327.29|20240309
95725||300.46|20240309
95726||419.55|20240309
95830||95.35|20240309
95851||8.04|20240309
95852||5.55|20240309
95857||29.6|20240309
95970||18.9|20240309
95971||39.97|20240309
95972||41.26|20240309
95976||40.23|20240309
95977||53.41|20240309
95981||18.24|20240309
95982||37.01|20240309
95983||51.14|20240309
95984||44.81|20240309
95991||40.85|20240309
95992||37.29|20240309
96112||129.27|20240309
96113||59.25|20240309
96116||82.19|20240309
96121||67.93|20240309
96130||112.48|20240309
96131||77.47|20240309
96132||108.68|20240309
96133||77.87|20240309
96136||23.94|20240309
96137||18.29|20240309
96156||90.83|20240309
96158||60.66|20240309
96159||20.34|20240309
96164||9.7|20240309
96165||4.2|20240309
96167||64.07|20240309
96168||22.78|20240309
96202||22.38|20240309
96405||30.22|20240309
96406||46.74|20240309
96440||144.35|20240309
96446||20.49|20240309
96450||78.52|20240309
96542||44.24|20240309
96920||67.14|20240309
96921||76.02|20240309
96922||122.5|20240309
97129||23.2|20240309
97130||22.12|20240309
97550||47.8|20240309
97551||25.75|20240309
97552||11.22|20240309
97597||36.26|20240309
97598||25.07|20240309
97605||25.3|20240309
97606||27.8|20240309
97607||21.6|20240309
97608||25.14|20240309
97610||18.6|20240309
97802||34.46|20240309
97803||29.37|20240309
97804||16.63|20240309
97810||31.99|20240309
97811||26.78|20240309
97813||34.88|20240309
97814||29.5|20240309
98925||23.84|20240309
98926||36.14|20240309
98927||48.05|20240309
98928||60.56|20240309
98929||72.47|20240309
98940||23.02|20240309
98941||35.49|20240309
98942||47.57|20240309
98966||11.91|20240309
98967||23.02|20240309
98968||31.96|20240309
98972||31.87|20240309
98980||31.89|20240309
98981||31.54|20240309
99151||24.81|20240309
99152||12.34|20240309
99170||87.57|20240309
99202||49.25|20240309
99203||84.89|20240309
99204||138.5|20240309
99205||188.51|20240309
99211||9.12|20240309
99212||36.63|20240309
99213||68.62|20240309
99214||101.29|20240309
99215||150.41|20240309
99291||217.53|20240309
99292||109.39|20240309
99406||12.17|20240309
99407||25.82|20240309
99421||13.3|20240309
99422||26.21|20240309
99423||42.01|20240309
99424||77.5|20240309
99425||53.39|20240309
99426||51.24|20240309
99427||35.96|20240309
99437||52.6|20240309
99439||36.41|20240309
99441||36.41|20240309
99442||68.4|20240309
99443||101.29|20240309
99457||31.15|20240309
99458||31.15|20240309
99461||63.1|20240309
99474||9.12|20240309
99483||201.36|20240309
99484||45.66|20240309
99487||93.95|20240309
99489||52.21|20240309
99490||52.21|20240309
99491||78.6|20240309
99492||97.92|20240309
99493||106.91|20240309
99494||42.87|20240309
99495||146.1|20240309
99496||198.43|20240309
99497||78.6|20240309
99498||74.0|20240309
