SVC_CD|Modifier_1|FEE|ASOFDATE
G0101||29.3|20230101
G0102||9.3|20230101
G0104||59.82|20230101
G0105||192.9|20230101
G0105|53|96.45|20230101
G0121||193.13|20230101
G0121|53|96.68|20230101
G0127||7.75|20230101
G0168||14.99|20230101
G0245||41.57|20230101
G0246||20.93|20230101
G0247||22.67|20230101
G0268||35.17|20230101
G0270||29.9|20230101
G0271||16.94|20230101
G0296||27.04|20230101
G0316||32.17|20230101
G0317||32.17|20230101
G0318||31.37|20230101
G0323||30.57|20230101
G0341||314.73|20230101
G0396||33.16|20230101
G0397||68.46|20230101
G0402||138.71|20230101
G0429||72.23|20230101
G0442||9.7|20230101
G0443||24.2|20230101
G0444||9.7|20230101
G0445||23.8|20230101
G0446||24.2|20230101
G0447||24.2|20230101
G0455||74.62|20230101
G0473||12.24|20230101
G0500||5.55|20230101
G0506||46.49|20230101
G0513||62.6|20230101
G0514||63.0|20230101
G0516||103.13|20230101
G0517||117.11|20230101
G0518||191.85|20230101
G2010||9.7|20230101
G2012||13.17|20230101
G2082||36.8|20230101
G2083||36.8|20230101
G2086||296.46|20230101
G2087||317.46|20230101
G2088||36.68|20230101
G2212||32.97|20230101
G2213||64.49|20230101
G2214||40.14|20230101
G2250||9.7|20230101
G2251||13.17|20230101
G2252||26.74|20230101
G3002||77.61|20230101
G3003||26.74|20230101
Q0091||19.35|20230101
0446T||59.32|20230101
0447T||69.71|20230101
0448T||99.46|20230101
10004||44.42|20230101
10005||76.79|20230101
10006||52.34|20230101
10007||92.24|20230101
10008||53.04|20230101
10009||113.4|20230101
10010||73.07|20230101
10021||57.52|20230101
10030||140.1|20230101
10035||88.18|20230101
10036||44.32|20230101
10040||55.22|20230101
10060||117.3|20230101
10061||201.13|20230101
10080||115.33|20230101
10081||183.72|20230101
10120||116.46|20230101
10121||198.28|20230101
10140||128.89|20230101
10160||105.9|20230101
10180||193.21|20230101
11000||28.22|20230101
11001||15.38|20230101
11010||295.17|20230101
11011||310.16|20230101
11012||436.56|20230101
11042||63.57|20230101
11043||161.34|20230101
11044||234.71|20230101
11045||26.07|20230101
11046||56.29|20230101
11047||99.63|20230101
11055||16.32|20230101
11056||22.74|20230101
11057||29.56|20230101
11102||40.21|20230101
11103||22.96|20230101
11104||49.63|20230101
11105||27.07|20230101
11106||59.56|20230101
11107||32.43|20230101
11200||85.3|20230101
11201||17.43|20230101
11300||36.12|20230101
11301||54.47|20230101
11302||63.52|20230101
11303||75.19|20230101
11305||39.08|20230101
11306||51.75|20230101
11307||66.18|20230101
11308||73.22|20230101
11310||48.59|20230101
11311||66.7|20230101
11312||79.63|20230101
11313||101.32|20230101
11400||93.75|20230101
11401||117.18|20230101
11402||127.34|20230101
11403||163.99|20230101
11404||179.66|20230101
11406||266.55|20230101
11420||90.84|20230101
11421||120.2|20230101
11422||149.65|20230101
11423||171.24|20230101
11424||194.13|20230101
11426||289.59|20230101
11440||119.55|20230101
11441||147.73|20230101
11442||162.22|20230101
11443||195.93|20230101
11444||244.96|20230101
11446||340.71|20230101
11450||285.02|20230101
11451||359.42|20230101
11462||271.26|20230101
11463||362.15|20230101
11470||312.96|20230101
11471||378.73|20230101
11600||133.5|20230101
11601||161.52|20230101
11602||175.69|20230101
11603||209.17|20230101
11604||229.39|20230101
11606||335.76|20230101
11620||134.25|20230101
11621||162.5|20230101
11622||183.83|20230101
11623||226.03|20230101
11624||255.15|20230101
11626||310.02|20230101
11640||138.43|20230101
11641||169.07|20230101
11642||196.87|20230101
11643||244.56|20230101
11644||301.92|20230101
11646||414.37|20230101
11719||7.75|20230101
11720||14.87|20230101
11721||24.53|20230101
11730||56.49|20230101
11732||17.76|20230101
11740||35.42|20230101
11750||109.42|20230101
11755||63.45|20230101
11760||119.99|20230101
11762||201.6|20230101
11765||101.62|20230101
11770||198.4|20230101
11771||484.69|20230101
11772||630.36|20230101
11900||31.9|20230101
11901||48.52|20230101
11920||116.93|20230101
11921||140.17|20230101
11922||30.59|20230101
11950||55.21|20230101
11951||76.97|20230101
11952||107.84|20230101
11954||117.95|20230101
11976||96.33|20230101
11980||57.86|20230101
11981||65.15|20230101
11982||76.88|20230101
11983||107.63|20230101
12001||46.41|20230101
12002||60.42|20230101
12004||74.83|20230101
12005||96.01|20230101
12006||118.33|20230101
12007||147.62|20230101
12011||56.72|20230101
12013||59.1|20230101
12014||75.65|20230101
12015||95.39|20230101
12016||129.59|20230101
12020||203.81|20230101
12021||153.62|20230101
12031||165.89|20230101
12032||207.73|20230101
12034||221.96|20230101
12035||258.41|20230101
12036||299.29|20230101
12037||346.87|20230101
12041||157.2|20230101
12042||212.39|20230101
12044||230.15|20230101
12045||297.03|20230101
12046||339.35|20230101
12047||375.55|20230101
12051||184.54|20230101
12052||216.51|20230101
12053||232.75|20230101
12054||234.47|20230101
12055||320.63|20230101
12056||415.54|20230101
12057||450.94|20230101
13100||216.3|20230101
13101||268.65|20230101
13102||75.21|20230101
13120||252.22|20230101
13121||276.75|20230101
13122||86.87|20230101
13131||259.75|20230101
13132||324.87|20230101
13133||131.75|20230101
13151||298.52|20230101
13152||359.1|20230101
13153||143.66|20230101
14000||549.53|20230101
14001||706.71|20230101
14020||619.67|20230101
14021||770.51|20230101
14040||678.77|20230101
14041||827.31|20230101
14060||724.37|20230101
14061||889.19|20230101
14301||935.68|20230101
15002||230.25|20230101
15003||46.45|20230101
15004||273.99|20230101
15005||92.54|20230101
15040||130.67|20230101
15050||507.68|20230101
15100||772.3|20230101
15101||116.69|20230101
15110||761.12|20230101
15111||104.77|20230101
15115||734.98|20230101
15116||143.47|20230101
15120||742.68|20230101
15121||141.78|20230101
15130||652.33|20230101
15131||94.13|20230101
15135||821.63|20230101
15136||94.13|20230101
15150||677.25|20230101
15151||111.13|20230101
15152||146.14|20230101
15155||788.86|20230101
15156||152.24|20230101
15157||166.34|20230101
15200||727.42|20230101
15201||79.79|20230101
15220||664.92|20230101
15221||72.1|20230101
15240||869.16|20230101
15241||110.32|20230101
15260||921.84|20230101
15261||144.08|20230101
15271||87.36|20230101
15272||17.22|20230101
15273||203.02|20230101
15274||46.05|20230101
15275||97.34|20230101
15276||25.84|20230101
15277||233.26|20230101
15278||57.65|20230101
15570||787.69|20230101
15572||798.23|20230101
15574||794.74|20230101
15576||704.83|20230101
15600||237.24|20230101
15610||272.63|20230101
15620||361.76|20230101
15630||380.15|20230101
15650||443.99|20230101
15730||992.94|20230101
15731||1080.86|20230101
15740||912.56|20230101
15760||761.44|20230101
15771||552.19|20230101
15772||155.71|20230101
15773||544.86|20230101
15774||151.38|20230101
15775||271.14|20230101
15776||369.82|20230101
15780||728.25|20230101
15781||473.7|20230101
15782||408.92|20230101
15783||391.47|20230101
15786||145.56|20230101
15787||17.55|20230101
15788||242.26|20230101
15789||452.56|20230101
15792||236.36|20230101
15793||394.18|20230101
15820||571.36|20230101
15821||607.24|20230101
15822||443.23|20230101
15823||609.53|20230101
15837||780.33|20230101
15839||799.65|20230101
15851||69.5|20230101
16000||47.45|20230101
16020||60.33|20230101
16025||117.69|20230101
16030||138.96|20230101
17000||61.05|20230101
17003||2.19|20230101
17004||108.08|20230101
17106||302.31|20230101
17107||392.22|20230101
17108||570.1|20230101
17110||75.22|20230101
17111||91.32|20230101
17250||40.48|20230101
17260||77.37|20230101
17261||94.49|20230101
17262||119.76|20230101
17263||132.11|20230101
17264||140.76|20230101
17266||165.45|20230101
17270||103.68|20230101
17271||114.39|20230101
17272||131.01|20230101
17273||147.86|20230101
17274||180.62|20230101
17276||216.93|20230101
17280||94.09|20230101
17281||128.07|20230101
17282||147.51|20230101
17283||183.17|20230101
17284||213.35|20230101
17286||287.12|20230101
17311||377.43|20230101
17312||201.06|20230101
17313||338.31|20230101
17314||185.94|20230101
17315||53.42|20230101
17340||53.14|20230101
17360||100.4|20230101
19000||44.21|20230101
19001||21.55|20230101
19020||342.17|20230101
19030||79.63|20230101
19081||170.06|20230101
19082||85.64|20230101
19083||159.95|20230101
19084||80.72|20230101
19085||186.75|20230101
19086||93.72|20230101
19100||70.41|20230101
19101||238.85|20230101
19105||214.9|20230101
19110||382.31|20230101
19112||352.08|20230101
19120||446.96|20230101
19125||492.5|20230101
19281||103.02|20230101
19282||51.94|20230101
19283||103.49|20230101
19284||51.78|20230101
19285||88.18|20230101
19286||44.32|20230101
19287||131.1|20230101
19288||65.92|20230101
19296||216.51|20230101
19298||339.65|20230101
19300||473.49|20230101
19350||732.4|20230101
19355||670.25|20230101
19396||152.03|20230101
20101||220.74|20230101
20102||267.58|20230101
20103||368.01|20230101
20200||99.47|20230101
20205||161.39|20230101
20206||60.8|20230101
20220||92.21|20230101
20225||135.53|20230101
20500||96.94|20230101
20501||38.09|20230101
20520||161.67|20230101
20525||266.44|20230101
20526||60.13|20230101
20527||70.05|20230101
20550||40.84|20230101
20551||40.84|20230101
20552||39.24|20230101
20553||44.84|20230101
20560||15.77|20230101
20561||23.58|20230101
20600||37.24|20230101
20604||48.12|20230101
20605||38.81|20230101
20606||54.41|20230101
20610||47.5|20230101
20611||62.66|20230101
20612||43.51|20230101
20615||175.74|20230101
20650||178.37|20230101
20665||107.53|20230101
20670||159.45|20230101
20680||454.55|20230101
20694||375.84|20230101
20900||191.95|20230101
20922||530.9|20230101
20950||94.21|20230101
20974||54.76|20230101
20979||33.52|20230101
20982||379.12|20230101
20983||353.8|20230101
21011||288.46|20230101
21013||439.56|20230101
21025||718.49|20230101
21026||471.25|20230101
21029||681.13|20230101
21030||397.56|20230101
21031||302.48|20230101
21032||287.46|20230101
21034||1217.19|20230101
21040||400.83|20230101
21073||264.78|20230101
21076||748.03|20230101
21077||1836.99|20230101
21079||1236.25|20230101
21080||1405.63|20230101
21081||1287.49|20230101
21082||1177.88|20230101
21083||1093.66|20230101
21084||1264.01|20230101
21085||513.11|20230101
21086||1354.57|20230101
21087||1354.57|20230101
21100||391.4|20230101
21110||820.72|20230101
21116||47.67|20230101
21120||569.33|20230101
21121||580.03|20230101
21125||721.61|20230101
21127||827.25|20230101
21208||798.92|20230101
21209||688.5|20230101
21210||822.79|20230101
21215||853.16|20230101
21235||626.61|20230101
21245||1043.48|20230101
21248||855.83|20230101
21249||1190.49|20230101
21270||809.21|20230101
21315||64.19|20230101
21320||101.13|20230101
21337||335.99|20230101
21345||700.98|20230101
21355||362.55|20230101
21356||445.51|20230101
21400||189.94|20230101
21401||365.6|20230101
21421||611.99|20230101
21440||641.42|20230101
21445||721.29|20230101
21450||553.5|20230101
21451||733.91|20230101
21452||542.4|20230101
21453||1072.69|20230101
21461||1203.9|20230101
21462||1324.66|20230101
21480||32.04|20230101
21485||922.17|20230101
21497||677.62|20230101
21501||369.87|20230101
21550||170.88|20230101
21555||335.95|20230101
21820||169.3|20230101
21920||169.28|20230101
21925||414.13|20230101
21930||395.17|20230101
22310||329.28|20230101
22315||838.78|20230101
22510||453.33|20230101
22511||426.19|20230101
22512||212.48|20230101
22513||534.5|20230101
22514||499.12|20230101
22515||224.49|20230101
22902||361.34|20230101
23000||393.94|20230101
23030||276.55|20230101
23031||243.84|20230101
23065||173.23|20230101
23066||405.05|20230101
23075||359.16|20230101
23330||185.22|20230101
23350||52.34|20230101
23500||263.28|20230101
23505||376.92|20230101
23520||274.47|20230101
23525||413.55|20230101
23540||272.17|20230101
23545||367.5|20230101
23570||278.9|20230101
23575||428.96|20230101
23600||364.08|20230101
23605||479.83|20230101
23620||299.32|20230101
23625||401.56|20230101
23650||338.17|20230101
23665||449.56|20230101
23675||556.62|20230101
23930||233.06|20230101
23931||179.06|20230101
24065||178.38|20230101
24066||462.07|20230101
24075||361.64|20230101
24200||153.07|20230101
24201||403.13|20230101
24220||69.67|20230101
24500||382.61|20230101
24505||507.69|20230101
24530||401.36|20230101
24535||634.88|20230101
24560||338.97|20230101
24565||555.44|20230101
24576||360.39|20230101
24577||568.95|20230101
24600||382.97|20230101
24640||87.46|20230101
24650||283.97|20230101
24655||456.58|20230101
24670||307.7|20230101
24675||470.17|20230101
25065||173.82|20230101
25075||348.36|20230101
25246||76.14|20230101
25500||296.03|20230101
25505||518.58|20230101
25520||609.15|20230101
25530||280.9|20230101
25535||514.91|20230101
25560||297.91|20230101
25565||520.89|20230101
25600||376.3|20230101
25605||572.07|20230101
25622||327.59|20230101
25624||504.99|20230101
25630||325.5|20230101
25635||479.04|20230101
25650||351.07|20230101
25675||463.6|20230101
26010||157.29|20230101
26011||205.59|20230101
26055||328.68|20230101
26115||369.77|20230101
26160||354.97|20230101
26341||86.7|20230101
26600||332.05|20230101
26605||341.51|20230101
26641||433.42|20230101
26645||445.18|20230101
26670||350.91|20230101
26675||476.09|20230101
26700||353.31|20230101
26705||448.96|20230101
26720||218.47|20230101
26725||345.66|20230101
26740||255.17|20230101
26742||379.75|20230101
26750||219.29|20230101
26755||311.45|20230101
26770||296.53|20230101
26775||404.1|20230101
26991||576.51|20230101
27040||215.32|20230101
27047||390.44|20230101
27086||186.55|20230101
27093||71.62|20230101
27095||85.75|20230101
27096||87.99|20230101
27200||214.73|20230101
27220||453.05|20230101
27230||531.61|20230101
27246||429.83|20230101
27256||251.61|20230101
27301||553.76|20230101
27323||191.88|20230101
27327||345.29|20230101
27369||42.34|20230101
27372||438.99|20230101
27500||531.22|20230101
27501||549.31|20230101
27508||553.79|20230101
27516||543.9|20230101
27520||345.29|20230101
27530||333.85|20230101
27532||637.79|20230101
27538||507.05|20230101
27550||526.05|20230101
27560||386.62|20230101
27603||427.58|20230101
27604||351.54|20230101
27605||198.77|20230101
27613||175.51|20230101
27614||454.22|20230101
27618||335.59|20230101
27630||390.07|20230101
27648||53.42|20230101
27656||381.2|20230101
27685||509.57|20230101
27750||368.58|20230101
27752||544.58|20230101
27760||350.67|20230101
27762||488.06|20230101
27767||335.04|20230101
27780||327.21|20230101
27781||455.13|20230101
27786||328.62|20230101
27788||432.79|20230101
27808||351.05|20230101
27810||477.64|20230101
27816||335.3|20230101
27818||488.95|20230101
27824||348.12|20230101
27825||542.52|20230101
27830||407.99|20230101
28001||100.62|20230101
28002||147.36|20230101
28003||271.4|20230101
28008||320.59|20230101
28010||228.06|20230101
28011||303.67|20230101
28020||403.45|20230101
28022||356.66|20230101
28024||334.87|20230101
28035||391.29|20230101
28039||368.69|20230101
28043||284.13|20230101
28045||377.74|20230101
28050||303.03|20230101
28052||277.17|20230101
28054||255.01|20230101
28060||391.11|20230101
28062||436.53|20230101
28070||373.3|20230101
28072||354.57|20230101
28080||417.57|20230101
28086||387.31|20230101
28088||320.14|20230101
28090||336.78|20230101
28092||297.87|20230101
28100||457.26|20230101
28104||384.53|20230101
28107||374.58|20230101
28108||314.6|20230101
28110||318.99|20230101
28111||345.69|20230101
28112||341.93|20230101
28113||466.94|20230101
28114||911.29|20230101
28116||639.03|20230101
28118||457.9|20230101
28119||395.47|20230101
28120||539.92|20230101
28122||475.39|20230101
28124||363.98|20230101
28126||271.39|20230101
28140||457.03|20230101
28150||303.43|20230101
28153||288.9|20230101
28160||291.11|20230101
28190||143.62|20230101
28192||337.11|20230101
28193||396.53|20230101
28200||357.26|20230101
28202||464.77|20230101
28208||353.09|20230101
28210||462.13|20230101
28220||331.85|20230101
28222||394.9|20230101
28225||288.97|20230101
28226||442.61|20230101
28230||310.42|20230101
28232||263.23|20230101
28234||296.26|20230101
28238||530.33|20230101
28240||319.47|20230101
28250||446.56|20230101
28260||576.75|20230101
28261||1014.55|20230101
28262||1207.4|20230101
28264||726.57|20230101
28270||364.71|20230101
28272||272.7|20230101
28280||378.03|20230101
28285||420.44|20230101
28286||321.72|20230101
28288||476.42|20230101
28289||501.11|20230101
28291||523.59|20230101
28292||525.07|20230101
28295||665.08|20230101
28296||554.76|20230101
28297||652.59|20230101
28298||547.26|20230101
28299||640.08|20230101
28304||664.7|20230101
28306||440.74|20230101
28307||569.13|20230101
28308||422.4|20230101
28310||392.35|20230101
28312||370.46|20230101
28313||393.54|20230101
28315||355.61|20230101
28322||628.1|20230101
28340||438.97|20230101
28341||520.42|20230101
28344||303.38|20230101
28345||390.77|20230101
28400||262.49|20230101
28405||454.48|20230101
28430||239.91|20230101
28435||370.93|20230101
28450||217.03|20230101
28455||293.89|20230101
28470||234.23|20230101
28475||253.8|20230101
28490||143.14|20230101
28495||168.16|20230101
28496||280.14|20230101
28505||538.88|20230101
28510||137.64|20230101
28515||162.55|20230101
28525||445.35|20230101
28530||114.04|20230101
28531||199.13|20230101
28540||197.28|20230101
28545||309.37|20230101
28546||398.11|20230101
28555||722.08|20230101
28570||225.9|20230101
28575||384.97|20230101
28585||754.74|20230101
28600||211.24|20230101
28605||348.24|20230101
28630||119.4|20230101
28635||146.82|20230101
28636||217.0|20230101
28645||526.44|20230101
28660||101.71|20230101
28665||135.6|20230101
28675||453.49|20230101
28740||669.3|20230101
28750||627.2|20230101
28755||364.37|20230101
28760||610.81|20230101
28820||185.99|20230101
28825||180.38|20230101
28890||239.63|20230101
29000||210.41|20230101
29010||173.55|20230101
29015||194.57|20230101
29035||156.05|20230101
29040||187.19|20230101
29044||181.47|20230101
29046||203.37|20230101
29049||75.2|20230101
29055||148.79|20230101
29058||100.49|20230101
29065||74.1|20230101
29075||68.39|20230101
29085||73.07|20230101
29086||54.43|20230101
29105||43.42|20230101
29125||44.15|20230101
29126||53.61|20230101
29130||30.94|20230101
29131||37.08|20230101
29200||19.64|20230101
29240||19.24|20230101
29260||20.11|20230101
29280||20.91|20230101
29305||171.47|20230101
29325||191.53|20230101
29345||107.05|20230101
29355||114.05|20230101
29358||110.57|20230101
29365||94.06|20230101
29405||63.46|20230101
29425||58.59|20230101
29435||86.96|20230101
29440||29.18|20230101
29445||104.0|20230101
29450||119.05|20230101
29505||56.43|20230101
29515||53.19|20230101
29520||19.24|20230101
29530||19.24|20230101
29540||18.11|20230101
29550||11.57|20230101
29580||27.18|20230101
29581||28.32|20230101
29584||16.82|20230101
29700||34.58|20230101
29705||47.26|20230101
29710||86.56|20230101
29720||46.14|20230101
29730||46.91|20230101
29740||72.53|20230101
29750||80.9|20230101
29870||448.36|20230101
29893||478.05|20230101
30000||134.68|20230101
30020||135.88|20230101
30100||73.94|20230101
30110||146.68|20230101
30117||377.53|20230101
30120||462.73|20230101
30140||190.09|20230101
30200||65.33|20230101
30210||115.33|20230101
30220||141.71|20230101
30300||141.56|20230101
30468||180.82|20230101
30469||160.72|20230101
30560||172.09|20230101
30580||502.94|20230101
30600||416.82|20230101
30801||176.11|20230101
30802||230.04|20230101
30901||58.73|20230101
30903||80.08|20230101
30905||110.35|20230101
30906||139.76|20230101
31000||123.61|20230101
31020||406.6|20230101
31030||573.39|20230101
31231||68.67|20230101
31233||144.51|20230101
31235||169.85|20230101
31237||170.76|20230101
31238||178.27|20230101
31254||257.23|20230101
31295||167.44|20230101
31296||190.2|20230101
31297||152.72|20230101
31298||270.64|20230101
31505||54.31|20230101
31510||129.95|20230101
31511||143.41|20230101
31512||138.44|20230101
31515||119.31|20230101
31525||169.8|20230101
31570||242.16|20230101
31572||192.03|20230101
31573||158.78|20230101
31574||159.18|20230101
31575||74.0|20230101
31576||127.48|20230101
31577||142.59|20230101
31578||159.18|20230101
31579||128.49|20230101
31612||50.45|20230101
31615||123.1|20230101
31622||136.04|20230101
31623||136.29|20230101
31624||138.59|20230101
31625||160.63|20230101
31626||201.58|20230101
31627||98.29|20230101
31628||181.38|20230101
31629||191.91|20230101
31632||50.59|20230101
31633||64.35|20230101
31634||194.78|20230101
31635||180.26|20230101
31645||151.76|20230101
31652||227.06|20230101
31653||251.63|20230101
31654||68.33|20230101
31717||110.4|20230101
31730||151.38|20230101
31820||363.36|20230101
31825||530.14|20230101
31830||408.72|20230101
32400||87.07|20230101
32408||157.3|20230101
32550||210.66|20230101
32552||166.49|20230101
32553||181.75|20230101
32554||91.22|20230101
32555||113.29|20230101
32556||127.19|20230101
32557||154.01|20230101
32560||77.37|20230101
32561||69.55|20230101
32562||62.03|20230101
32960||94.82|20230101
32994||449.97|20230101
32998||450.9|20230101
33285||89.83|20230101
33286||88.56|20230101
36002||107.23|20230101
36005||48.64|20230101
36010||108.75|20230101
36011||157.61|20230101
36012||174.22|20230101
36013||127.26|20230101
36014||153.3|20230101
36015||173.82|20230101
36100||153.5|20230101
36140||89.03|20230101
36160||125.09|20230101
36200||137.79|20230101
36215||216.7|20230101
36216||271.82|20230101
36217||330.93|20230101
36218||52.39|20230101
36221||198.46|20230101
36222||285.61|20230101
36223||328.98|20230101
36224||370.13|20230101
36225||325.55|20230101
36226||368.0|20230101
36227||120.93|20230101
36228||247.03|20230101
36245||237.34|20230101
36246||250.82|20230101
36247||299.65|20230101
36248||49.16|20230101
36251||257.74|20230101
36252||356.87|20230101
36253||359.38|20230101
36254||415.51|20230101
36400||19.76|20230101
36405||15.66|20230101
36406||9.3|20230101
36410||9.53|20230101
36465||119.67|20230101
36466||154.37|20230101
36470||38.88|20230101
36471||76.58|20230101
36473||181.61|20230101
36474||90.45|20230101
36475||279.2|20230101
36476||133.72|20230101
36478||279.64|20230101
36479||135.65|20230101
36481||334.27|20230101
36482||179.14|20230101
36483||88.35|20230101
36510||55.81|20230101
36514||97.88|20230101
36516||87.31|20230101
36522||102.13|20230101
36555||86.75|20230101
36556||86.45|20230101
36557||335.31|20230101
36558||271.37|20230101
36560||400.01|20230101
36561||346.72|20230101
36563||378.89|20230101
36565||345.55|20230101
36566||370.32|20230101
36570||347.8|20230101
36571||326.22|20230101
36572||82.08|20230101
36573||86.98|20230101
36575||34.56|20230101
36576||192.14|20230101
36578||212.92|20230101
36580||67.4|20230101
36581||191.62|20230101
36582||298.93|20230101
36583||343.69|20230101
36584||60.57|20230101
36585||295.45|20230101
36589||144.12|20230101
36590||199.74|20230101
36595||185.97|20230101
36596||46.45|20230101
36597||62.49|20230101
36598||36.99|20230101
36600||15.61|20230101
36836||360.87|20230101
36837||468.94|20230101
36860||111.88|20230101
36901||170.46|20230101
36902||242.64|20230101
36903||317.3|20230101
36904||372.28|20230101
36905||449.13|20230101
36906||516.06|20230101
36907||147.5|20230101
36908||207.18|20230101
36909||202.18|20230101
37183||383.06|20230101
37184||431.86|20230101
37185||162.14|20230101
37186||241.27|20230101
37187||396.66|20230101
37188||283.7|20230101
37191||224.59|20230101
37192||335.28|20230101
37193||350.08|20230101
37197||302.09|20230101
37220||395.94|20230101
37221||486.77|20230101
37222||182.91|20230101
37223||208.11|20230101
37224||439.23|20230101
37225||592.89|20230101
37226||512.46|20230101
37227||709.72|20230101
37228||534.98|20230101
37229||689.19|20230101
37230||686.79|20230101
37231||733.05|20230101
37232||197.27|20230101
37233||320.4|20230101
37234||279.03|20230101
37235||373.05|20230101
37236||437.66|20230101
37237||207.18|20230101
37238||305.66|20230101
37239||149.72|20230101
37241||433.16|20230101
37242||478.77|20230101
37243||571.47|20230101
37244||675.27|20230101
37246||347.47|20230101
37247||170.4|20230101
37248||299.9|20230101
37249||145.29|20230101
37252||88.83|20230101
37253||70.59|20230101
37609||217.37|20230101
37765||275.84|20230101
37766||336.98|20230101
37785||265.11|20230101
38220||72.11|20230101
38221||74.5|20230101
38222||79.73|20230101
38300||229.18|20230101
38500||271.54|20230101
38505||90.52|20230101
38510||445.35|20230101
38792||33.69|20230101
40490||73.68|20230101
40500||411.23|20230101
40510||382.63|20230101
40520||393.22|20230101
40530||445.57|20230101
40650||346.3|20230101
40652||398.6|20230101
40654||469.2|20230101
40800||133.25|20230101
40801||217.66|20230101
40804||125.65|20230101
40805||216.43|20230101
40806||32.13|20230101
40808||98.57|20230101
40810||137.58|20230101
40812||203.41|20230101
40814||315.47|20230101
40816||335.98|20230101
40818||299.33|20230101
40819||220.39|20230101
40820||189.98|20230101
40830||161.32|20230101
40831||222.68|20230101
40840||689.87|20230101
40842||737.96|20230101
40843||937.85|20230101
40844||1272.54|20230101
40845||1299.74|20230101
41000||116.42|20230101
41005||134.0|20230101
41006||252.64|20230101
41007||241.24|20230101
41008||282.23|20230101
41009||313.98|20230101
41010||124.24|20230101
41015||328.72|20230101
41016||383.81|20230101
41017||382.21|20230101
41018||442.07|20230101
41100||118.29|20230101
41105||121.23|20230101
41108||101.48|20230101
41110||144.67|20230101
41112||271.55|20230101
41113||294.66|20230101
41115||162.58|20230101
41116||240.52|20230101
41250||168.1|20230101
41251||200.24|20230101
41252||227.4|20230101
41520||281.52|20230101
41530||428.53|20230101
41800||174.6|20230101
41805||227.6|20230101
41806||314.71|20230101
41822||221.41|20230101
41823||408.58|20230101
41825||135.08|20230101
41826||219.38|20230101
41827||316.79|20230101
41828||240.42|20230101
41830||349.52|20230101
41872||339.71|20230101
41874||266.63|20230101
42000||121.02|20230101
42100||121.97|20230101
42104||149.2|20230101
42106||179.11|20230101
42107||360.84|20230101
42140||182.26|20230101
42160||158.27|20230101
42180||206.01|20230101
42182||280.8|20230101
42260||728.51|20230101
42280||119.74|20230101
42281||179.4|20230101
42300||173.33|20230101
42310||151.08|20230101
42320||197.75|20230101
42330||182.11|20230101
42335||290.13|20230101
42340||379.21|20230101
42400||57.43|20230101
42405||247.44|20230101
42408||385.83|20230101
42409||257.16|20230101
42450||403.59|20230101
42500||384.11|20230101
42505||505.27|20230101
42550||64.48|20230101
42600||391.81|20230101
42650||64.58|20230101
42660||94.99|20230101
42665||241.04|20230101
42700||150.8|20230101
42720||414.57|20230101
42800||129.22|20230101
42804||138.18|20230101
42806||157.75|20230101
42808||182.17|20230101
42809||137.14|20230101
42810||315.1|20230101
43197||85.48|20230101
43198||103.19|20230101
43200||92.58|20230101
43201||108.92|20230101
43202||108.45|20230101
43206||139.8|20230101
43213||270.23|20230101
43215||147.18|20230101
43216||139.98|20230101
43217||167.52|20230101
43220||123.93|20230101
43226||136.15|20230101
43227||172.62|20230101
43229||205.54|20230101
43235||128.83|20230101
43236||144.71|20230101
43239||145.18|20230101
43245||183.26|20230101
43247||184.81|20230101
43248||173.88|20230101
43249||160.89|20230101
43250||177.44|20230101
43251||205.01|20230101
43252||176.02|20230101
43255||209.51|20230101
43270||234.34|20230101
43290||186.71|20230101
43291||167.88|20230101
43450||84.93|20230101
43453||91.53|20230101
43754||40.81|20230101
43755||63.7|20230101
43756||54.75|20230101
43757||81.84|20230101
43761||107.34|20230101
43762||37.71|20230101
43763||91.79|20230101
44380||60.86|20230101
44381||89.68|20230101
44382||78.71|20230101
44385||77.18|20230101
44386||94.26|20230101
44388||163.07|20230101
44388|53|81.85|20230101
44389||179.51|20230101
44390||220.07|20230101
44391||240.94|20230101
44392||207.16|20230101
44394||234.9|20230101
44401||253.4|20230101
44404||179.91|20230101
44405||191.89|20230101
45005||181.46|20230101
45300||51.05|20230101
45303||90.11|20230101
45305||77.28|20230101
45307||104.24|20230101
45308||88.4|20230101
45309||93.71|20230101
45315||110.02|20230101
45317||116.05|20230101
45320||108.69|20230101
45330||60.05|20230101
45331||76.56|20230101
45332||110.24|20230101
45333||98.53|20230101
45334||123.87|20230101
45335||71.08|20230101
45338||126.24|20230101
45340||82.92|20230101
45346||168.4|20230101
45350||106.03|20230101
45378||192.9|20230101
45378|53|96.45|20230101
45379||248.97|20230101
45380||209.81|20230101
45381||209.57|20230101
45382||270.27|20230101
45384||236.66|20230101
45385||265.14|20230101
45386||221.02|20230101
45388||282.03|20230101
45398||244.76|20230101
45520||43.99|20230101
45915||248.23|20230101
46030||91.76|20230101
46040||464.6|20230101
46050||111.02|20230101
46080||168.21|20230101
46083||119.6|20230101
46200||377.47|20230101
46220||132.44|20230101
46221||212.77|20230101
46230||186.3|20230101
46250||348.05|20230101
46255||385.97|20230101
46270||440.74|20230101
46275||463.44|20230101
46285||463.61|20230101
46320||122.21|20230101
46500||208.7|20230101
46505||275.59|20230101
46600||44.69|20230101
46601||98.44|20230101
46604||70.06|20230101
46606||79.65|20230101
46607||130.79|20230101
46608||88.4|20230101
46610||84.8|20230101
46611||85.3|20230101
46612||98.86|20230101
46614||68.79|20230101
46615||95.86|20230101
46754||266.97|20230101
46900||149.78|20230101
46910||145.91|20230101
46916||155.59|20230101
46917||139.28|20230101
46922||149.48|20230101
46924||193.88|20230101
46930||169.62|20230101
46940||155.59|20230101
46942||140.04|20230101
47000||92.21|20230101
47382||760.08|20230101
47383||465.96|20230101
47531||73.26|20230101
47532||216.21|20230101
47533||270.91|20230101
47534||378.46|20230101
47535||201.24|20230101
47536||135.32|20230101
47537||100.09|20230101
47538||240.32|20230101
47539||433.72|20230101
47540||448.77|20230101
47541||344.57|20230101
47542||138.77|20230101
47543||146.63|20230101
47544||159.31|20230101
48102||244.75|20230101
49082||76.81|20230101
49083||111.26|20230101
49180||86.02|20230101
49185||122.84|20230101
49400||92.91|20230101
49405||200.11|20230101
49406||200.11|20230101
49407||211.41|20230101
49411||193.01|20230101
49418||207.89|20230101
49423||72.79|20230101
49424||38.72|20230101
49436||197.32|20230101
49440||210.78|20230101
49441||247.12|20230101
49442||217.39|20230101
49446||150.15|20230101
49450||68.11|20230101
49451||90.88|20230101
49452||140.32|20230101
49460||51.42|20230101
49465||31.78|20230101
50200||132.22|20230101
50382||257.99|20230101
50384||232.45|20230101
50385||223.63|20230101
50386||167.78|20230101
50387||85.12|20230101
50389||54.86|20230101
50391||100.4|20230101
50430||159.56|20230101
50431||69.67|20230101
50432||211.78|20230101
50433||262.1|20230101
50434||197.18|20230101
50435||104.2|20230101
50551||303.84|20230101
50553||324.58|20230101
50555||351.58|20230101
50557||356.14|20230101
50561||405.51|20230101
50590||604.99|20230101
50592||356.79|20230101
50593||475.1|20230101
50606||139.82|20230101
50684||54.4|20230101
50686||92.77|20230101
50690||74.39|20230101
50693||210.32|20230101
50694||275.06|20230101
50695||351.88|20230101
50705||178.51|20230101
50706||184.34|20230101
50951||315.86|20230101
50953||336.55|20230101
50955||362.67|20230101
50957||364.69|20230101
50961||326.67|20230101
51100||40.29|20230101
51101||52.31|20230101
51102||149.8|20230101
51600||45.37|20230101
51610||68.16|20230101
51700||31.15|20230101
51701||26.24|20230101
51702||26.01|20230101
51703||79.37|20230101
51705||54.3|20230101
51710||84.4|20230101
51715||207.35|20230101
51720||45.25|20230101
52000||83.3|20230101
52001||296.15|20230101
52005||138.01|20230101
52007||172.17|20230101
52010||171.54|20230101
52204||146.37|20230101
52214||179.64|20230101
52224||208.02|20230101
52265||168.82|20230101
52270||187.91|20230101
52275||256.11|20230101
52281||158.07|20230101
52283||208.52|20230101
52285||202.8|20230101
52287||174.97|20230101
52310||156.79|20230101
52315||283.56|20230101
52317||356.42|20230101
52330||271.27|20230101
52332||161.54|20230101
52441||216.22|20230101
52442||51.96|20230101
52647||686.45|20230101
52648||730.44|20230101
53060||177.58|20230101
53200||147.7|20230101
53260||193.06|20230101
53265||201.04|20230101
53270||196.36|20230101
53600||66.49|20230101
53601||55.72|20230101
53620||90.43|20230101
53621||74.56|20230101
53660||43.85|20230101
53661||42.6|20230101
53850||382.3|20230101
53852||408.88|20230101
53854||408.65|20230101
53855||84.32|20230101
53860||233.98|20230101
54000||119.8|20230101
54001||150.3|20230101
54050||118.1|20230101
54055||105.1|20230101
54056||123.8|20230101
54057||107.29|20230101
54060||141.51|20230101
54065||186.88|20230101
54100||130.02|20230101
54105||226.25|20230101
54115||455.52|20230101
54150||99.98|20230101
54160||153.88|20230101
54162||213.73|20230101
54200||94.73|20230101
54220||138.88|20230101
54230||84.22|20230101
54231||121.26|20230101
54235||78.6|20230101
54450||59.06|20230101
55000||89.19|20230101
55100||180.68|20230101
55200||296.46|20230101
55250||247.89|20230101
55700||134.43|20230101
55870||147.22|20230101
55873||805.05|20230101
55874||172.49|20230101
55876||107.87|20230101
56405||141.34|20230101
56420||122.39|20230101
56441||170.55|20230101
56501||148.87|20230101
56515||231.72|20230101
56605||62.1|20230101
56606||30.68|20230101
56820||88.86|20230101
56821||118.74|20230101
57020||82.85|20230101
57061||128.82|20230101
57065||203.07|20230101
57100||68.21|20230101
57105||162.91|20230101
57130||189.23|20230101
57135||205.09|20230101
57150||26.87|20230101
57155||303.56|20230101
57156||162.79|20230101
57160||47.85|20230101
57170||49.65|20230101
57180||133.63|20230101
57420||93.94|20230101
57421||126.99|20230101
57452||96.46|20230101
57454||140.15|20230101
57455||113.71|20230101
57456||105.81|20230101
57460||167.66|20230101
57461||191.28|20230101
57465||44.67|20230101
57500||79.82|20230101
57505||122.29|20230101
57510||119.55|20230101
57511||161.95|20230101
57513||161.55|20230101
57520||324.37|20230101
57522||277.97|20230101
57558||141.8|20230101
57800||50.81|20230101
58100||65.76|20230101
58110||41.61|20230101
58120||251.97|20230101
58301||68.88|20230101
58321||50.39|20230101
58322||59.93|20230101
58323||12.54|20230101
58340||61.51|20230101
58350||106.73|20230101
58353||249.92|20230101
58356||373.9|20230101
58555||159.33|20230101
58558||242.48|20230101
58562||232.26|20230101
58563||257.69|20230101
58565||494.66|20230101
58800||343.98|20230101
58970||205.68|20230101
58976||222.56|20230101
59000||82.93|20230101
59015||134.0|20230101
59070||315.24|20230101
59074||315.24|20230101
59160||200.04|20230101
59200||45.04|20230101
59300||151.91|20230101
59425||443.75|20230101
59426||814.95|20230101
59430||183.67|20230101
59812||326.15|20230101
59820||417.78|20230101
59821||404.57|20230101
59840||237.83|20230101
59841||392.11|20230101
60000||175.68|20230101
60100||80.11|20230101
60300||50.5|20230101
62263||342.67|20230101
62264||258.55|20230101
62267||161.6|20230101
62270||64.24|20230101
62272||92.64|20230101
62273||118.78|20230101
62280||169.87|20230101
62281||170.45|20230101
62282||152.19|20230101
62284||88.61|20230101
62290||165.94|20230101
62291||153.14|20230101
62302||125.25|20230101
62303||125.25|20230101
62304||123.46|20230101
62305||128.54|20230101
62320||105.53|20230101
62321||112.72|20230101
62322||84.16|20230101
62323||104.47|20230101
62324||92.96|20230101
62325||116.45|20230101
62326||89.53|20230101
62327||111.78|20230101
62328||89.86|20230101
62329||111.54|20230101
62367||25.71|20230101
62368||35.99|20230101
62369||36.39|20230101
62370||48.06|20230101
63650||440.57|20230101
63661||349.52|20230101
63663||477.89|20230101
64400||52.95|20230101
64405||54.26|20230101
64408||47.88|20230101
64415||72.21|20230101
64417||66.0|20230101
64418||58.29|20230101
64420||61.93|20230101
64421||25.54|20230101
64425||57.95|20230101
64430||57.61|20230101
64435||45.71|20230101
64445||76.76|20230101
64447||65.61|20230101
64450||44.38|20230101
64451||86.18|20230101
64454||86.58|20230101
64455||34.71|20230101
64461||80.48|20230101
64462||50.22|20230101
64463||84.1|20230101
64479||138.46|20230101
64480||64.17|20230101
64483||117.95|20230101
64484||53.95|20230101
64486||56.77|20230101
64487||65.11|20230101
64488||70.49|20230101
64489||80.22|20230101
64490||111.57|20230101
64491||61.98|20230101
64492||63.18|20230101
64493||96.09|20230101
64494||53.55|20230101
64495||54.35|20230101
64505||111.37|20230101
64510||82.65|20230101
64517||134.63|20230101
64520||90.61|20230101
64530||100.98|20230101
64553||422.11|20230101
64555||345.47|20230101
64561||318.99|20230101
64566||31.15|20230101
64585||154.64|20230101
64590||173.08|20230101
64595||138.22|20230101
64600||246.33|20230101
64605||371.49|20230101
64610||501.91|20230101
64611||121.56|20230101
64612||129.48|20230101
64615||126.78|20230101
64616||113.58|20230101
64617||114.85|20230101
64620||189.76|20230101
64624||155.61|20230101
64625||207.43|20230101
64630||203.7|20230101
64632||71.15|20230101
64633||203.79|20230101
64634||69.95|20230101
64635||204.19|20230101
64636||61.75|20230101
64640||126.57|20230101
64642||111.52|20230101
64643||73.11|20230101
64644||121.74|20230101
64645||84.33|20230101
64646||120.51|20230101
64647||138.43|20230101
64650||42.77|20230101
64653||54.04|20230101
64680||173.43|20230101
64681||237.67|20230101
64721||486.17|20230101
65125||325.35|20230101
65210||38.57|20230101
65220||43.85|20230101
65222||53.78|20230101
65270||153.88|20230101
65272||385.87|20230101
65275||501.69|20230101
65286||540.4|20230101
65400||661.56|20230101
65410||110.16|20230101
65420||419.41|20230101
65426||523.78|20230101
65430||109.36|20230101
65435||75.27|20230101
65436||403.7|20230101
65450||358.15|20230101
65600||373.29|20230101
65772||443.75|20230101
65778||56.15|20230101
65779||156.28|20230101
65785||487.31|20230101
65800||94.47|20230101
65815||522.04|20230101
65855||222.23|20230101
65860||268.52|20230101
66020||143.92|20230101
66030||122.82|20230101
66130||613.25|20230101
66250||608.52|20230101
66700||427.08|20230101
66710||427.08|20230101
66720||453.06|20230101
66740||427.08|20230101
66761||258.65|20230101
66762||464.95|20230101
66770||526.63|20230101
66821||345.78|20230101
67025||690.19|20230101
67028||98.31|20230101
67031||387.85|20230101
67101||312.61|20230101
67105||301.74|20230101
67110||890.63|20230101
67120||606.52|20230101
67141||238.56|20230101
67145||238.56|20230101
67208||628.36|20230101
67210||545.18|20230101
67220||544.94|20230101
67221||222.19|20230101
67225||29.3|20230101
67227||276.19|20230101
67228||327.84|20230101
67345||231.82|20230101
67500||67.41|20230101
67505||77.42|20230101
67515||50.71|20230101
67700||128.13|20230101
67710||108.81|20230101
67715||118.84|20230101
67800||111.27|20230101
67801||142.88|20230101
67805||178.05|20230101
67810||72.45|20230101
67820||24.01|20230101
67825||134.38|20230101
67830||150.62|20230101
67840||171.79|20230101
67850||143.77|20230101
67875||103.01|20230101
67880||403.25|20230101
67882||515.04|20230101
67900||549.51|20230101
67901||645.68|20230101
67903||522.22|20230101
67904||647.77|20230101
67908||474.97|20230101
67909||479.43|20230101
67912||530.1|20230101
67914||362.26|20230101
67915||221.89|20230101
67916||469.53|20230101
67917||497.96|20230101
67921||345.18|20230101
67922||222.29|20230101
67923||469.93|20230101
67924||497.9|20230101
67930||253.29|20230101
67935||474.14|20230101
67938||130.8|20230101
67950||504.59|20230101
67961||495.63|20230101
67966||709.82|20230101
68020||120.99|20230101
68040||50.53|20230101
68100||103.18|20230101
68110||162.66|20230101
68115||199.57|20230101
68130||451.3|20230101
68135||164.19|20230101
68200||36.8|20230101
68320||591.64|20230101
68330||503.58|20230101
68340||435.94|20230101
68360||449.0|20230101
68400||143.07|20230101
68420||180.27|20230101
68440||111.56|20230101
68510||306.73|20230101
68530||274.01|20230101
68705||181.29|20230101
68760||160.07|20230101
68761||129.78|20230101
68801||88.3|20230101
68810||140.84|20230101
68815||243.98|20230101
68816||171.34|20230101
68840||130.02|20230101
68841||35.2|20230101
68850||55.89|20230101
69000||138.58|20230101
69005||176.23|20230101
69020||162.44|20230101
69100||49.73|20230101
69105||69.6|20230101
69110||368.48|20230101
69145||290.94|20230101
69200||50.58|20230101
69210||34.3|20230101
69220||54.9|20230101
69222||153.58|20230101
69300||514.31|20230101
69420||134.51|20230101
69424||65.93|20230101
69433||147.42|20230101
69540||147.99|20230101
69610||311.21|20230101
69620||551.3|20230101
69705||184.88|20230101
69706||257.06|20230101
69801||132.89|20230101
70370||117.89|20230101
70370|TC|102.29|20230101
70496||300.86|20230101
70496|TC|212.41|20230101
70498||300.86|20230101
70498|TC|212.41|20230101
71275||304.1|20230101
71275|TC|212.41|20230101
71550||349.13|20230101
71550|TC|275.24|20230101
71552||549.03|20230101
71552|TC|434.76|20230101
72191||302.55|20230101
72191|TC|212.41|20230101
72193||271.16|20230101
72193|TC|212.58|20230101
72194||274.45|20230101
72194|TC|212.98|20230101
73200||176.44|20230101
73200|TC|126.3|20230101
73202||274.05|20230101
73202|TC|212.58|20230101
73206||302.55|20230101
73206|TC|212.41|20230101
73218||344.1|20230101
73218|TC|275.48|20230101
73706||307.28|20230101
73706|TC|212.41|20230101
74160||276.82|20230101
74160|TC|212.58|20230101
74170||283.35|20230101
74170|TC|212.98|20230101
74175||303.7|20230101
74175|TC|212.41|20230101
74251||272.47|20230101
74251|TC|213.14|20230101
74261||247.04|20230101
74261|TC|125.9|20230101
74262||338.8|20230101
74262|TC|212.58|20230101
74712||427.24|20230101
74712|TC|275.24|20230101
75573||340.21|20230101
75573|TC|212.64|20230101
75574||332.52|20230101
75574|TC|212.41|20230101
75635||331.32|20230101
75635|TC|212.58|20230101
76380||150.2|20230101
76380|TC|102.29|20230101
76872||159.98|20230101
76872|TC|125.9|20230101
76885||140.01|20230101
76885|TC|102.52|20230101
77078||114.82|20230101
77078|TC|102.29|20230101
77084||356.64|20230101
77084|TC|275.48|20230101
80503||23.44|20230101
80504||50.61|20230101
80505||95.86|20230101
85097||50.86|20230101
86077||52.06|20230101
86078||52.06|20230101
86079||52.46|20230101
88321||88.21|20230101
88325||140.01|20230101
88329||37.46|20230101
88363||20.55|20230101
89049||63.1|20230101
90785||13.72|20230101
90791||156.39|20230101
90792||178.6|20230101
90832||68.9|20230101
90833||64.41|20230101
90834||91.36|20230101
90836||81.6|20230101
90837||134.27|20230101
90838||108.38|20230101
90839||129.68|20230101
90840||64.88|20230101
90845||86.89|20230101
90846||98.77|20230101
90847||103.05|20230101
90849||30.61|20230101
90853||24.2|20230101
90865||128.45|20230101
90870||109.75|20230101
90880||90.82|20230101
90901||20.11|20230101
90912||45.06|20230101
90913||25.54|20230101
91111||1022.6|20230101
91111|TC|974.74|20230101
92002||49.1|20230101
92004||100.69|20230101
92012||54.16|20230101
92014||81.57|20230101
92020||21.91|20230101
92071||34.5|20230101
92072||100.64|20230101
92100||34.5|20230101
92201||23.99|20230101
92202||15.69|20230101
92230||37.02|20230101
92260||11.2|20230101
92311||55.43|20230101
92312||64.09|20230101
92313||45.86|20230101
92315||22.3|20230101
92316||33.5|20230101
92317||22.3|20230101
92504||10.1|20230101
92511||40.97|20230101
92512||28.88|20230101
92516||24.3|20230101
92517||45.18|20230101
92518||45.58|20230101
92519||68.71|20230101
92520||42.64|20230101
92557||34.15|20230101
92567||11.6|20230101
92568||16.16|20230101
92570||31.21|20230101
92579||40.04|20230101
92601||132.27|20230101
92602||74.99|20230101
92603||128.53|20230101
92604||71.65|20230101
92610||75.79|20230101
92612||71.21|20230101
92614||70.25|20230101
92616||105.78|20230101
92617||43.24|20230101
92620||85.22|20230101
92621||20.02|20230101
92625||65.77|20230101
92626||80.47|20230101
92627||18.92|20230101
92640||101.01|20230101
92950||188.1|20230101
92960||114.39|20230101
93264||36.8|20230101
93319||25.14|20230101
93356||12.02|20230101
93750||41.31|20230101
93797||9.3|20230101
93798||14.21|20230101
93888||152.47|20230101
93888|TC|126.13|20230101
93892||188.37|20230101
93892|TC|126.13|20230101
93893||189.0|20230101
93893|TC|125.9|20230101
93926||149.67|20230101
93926|TC|126.13|20230101
93976||166.11|20230101
93976|TC|126.13|20230101
93986||150.37|20230101
93986|TC|126.13|20230101
93990||149.8|20230101
93990|TC|126.13|20230101
94625||17.46|20230101
94626||28.43|20230101
94660||38.66|20230101
94780||24.84|20230101
94781||8.55|20230101
95017||3.87|20230101
95018||7.51|20230101
95024||0.98|20230101
95076||78.02|20230101
95079||71.84|20230101
95144||3.52|20230101
95145||3.12|20230101
95146||3.12|20230101
95147||3.12|20230101
95148||3.12|20230101
95149||3.12|20230101
95165||3.52|20230101
95170||3.12|20230101
95180||108.64|20230101
95717||106.42|20230101
95718||139.87|20230101
95719||164.77|20230101
95720||216.18|20230101
95721||215.15|20230101
95722||261.86|20230101
95723||263.13|20230101
95724||331.94|20230101
95725||300.36|20230101
95726||421.42|20230101
95830||96.45|20230101
95851||8.2|20230101
95852||5.66|20230101
95857||30.18|20230101
95970||19.52|20230101
95971||40.79|20230101
95972||42.18|20230101
95976||41.05|20230101
95977||54.9|20230101
95981||18.65|20230101
95982||37.83|20230101
95983||52.01|20230101
95984||45.72|20230101
95991||41.94|20230101
95992||38.24|20230101
96112||132.38|20230101
96113||59.38|20230101
96116||83.81|20230101
96121||69.65|20230101
96130||113.44|20230101
96131||79.55|20230101
96132||110.24|20230101
96133||79.55|20230101
96136||24.41|20230101
96137||18.64|20230101
96156||87.69|20230101
96158||59.4|20230101
96159||20.44|20230101
96164||9.14|20230101
96165||4.28|20230101
96167||62.88|20230101
96168||22.18|20230101
96405||31.04|20230101
96406||47.65|20230101
96440||144.28|20230101
96446||25.25|20230101
96450||80.53|20230101
96542||44.71|20230101
96920||68.17|20230101
96921||77.06|20230101
96922||124.64|20230101
97129||23.64|20230101
97597||37.0|20230101
97598||25.61|20230101
97605||26.18|20230101
97606||28.32|20230101
97607||22.71|20230101
97608||25.95|20230101
97610||18.96|20230101
97802||35.49|20230101
97803||29.9|20230101
97804||16.94|20230101
97810||32.62|20230101
97811||27.54|20230101
97813||35.56|20230101
97814||30.08|20230101
98925||24.55|20230101
98926||36.85|20230101
98927||48.35|20230101
98928||61.35|20230101
98929||73.49|20230101
98940||23.45|20230101
98941||36.15|20230101
98942||48.85|20230101
98966||11.74|20230101
98967||23.07|20230101
98968||32.57|20230101
98971||21.15|20230101
98972||32.48|20230101
98980||32.52|20230101
98981||31.77|20230101
99151||25.54|20230101
99152||12.84|20230101
99170||89.32|20230101
99202||50.64|20230101
99203||86.87|20230101
99204||140.28|20230101
99205||190.68|20230101
99211||9.3|20230101
99212||37.37|20230101
99213||69.59|20230101
99214||102.91|20230101
99215||151.34|20230101
99291||222.04|20230101
99292||111.46|20230101
99406||12.42|20230101
99407||26.34|20230101
99421||13.57|20230101
99422||26.74|20230101
99423||42.45|20230101
99424||77.61|20230101
99425||53.65|20230101
99426||51.48|20230101
99427||36.52|20230101
99437||53.25|20230101
99439||36.9|20230101
99441||36.9|20230101
99442||69.59|20230101
99443||102.44|20230101
99457||31.77|20230101
99458||31.77|20230101
99461||64.6|20230101
99474||9.3|20230101
99483||204.94|20230101
99484||30.97|20230101
99487||95.81|20230101
99489||52.85|20230101
99490||53.25|20230101
99491||79.75|20230101
99492||97.85|20230101
99493||106.96|20230101
99494||42.75|20230101
99495||147.78|20230101
99496||201.37|20230101
99497||79.75|20230101
99498||75.47|20230101
