SVC_CD|Modifier_1|FEE|ASOFDATE
G0101||29.7|20230101
G0102||9.43|20230101
G0104||60.55|20230101
G0105||195.62|20230101
G0105|53|97.81|20230101
G0121||195.87|20230101
G0121|53|98.06|20230101
G0127||7.87|20230101
G0168||15.26|20230101
G0245||42.18|20230101
G0246||21.24|20230101
G0247||23.02|20230101
G0268||35.7|20230101
G0270||30.24|20230101
G0271||17.13|20230101
G0296||27.43|20230101
G0316||32.62|20230101
G0317||32.62|20230101
G0318||31.82|20230101
G0323||31.02|20230101
G0341||320.14|20230101
G0396||33.64|20230101
G0397||69.46|20230101
G0402||140.66|20230101
G0429||73.19|20230101
G0442||9.83|20230101
G0443||24.55|20230101
G0444||9.83|20230101
G0445||24.14|20230101
G0446||24.55|20230101
G0447||24.55|20230101
G0455||75.72|20230101
G0473||12.41|20230101
G0500||5.64|20230101
G0506||47.14|20230101
G0513||63.47|20230101
G0514||63.87|20230101
G0516||104.49|20230101
G0517||118.67|20230101
G0518||194.47|20230101
G2010||9.83|20230101
G2012||13.36|20230101
G2082||37.35|20230101
G2083||37.35|20230101
G2086||301.19|20230101
G2087||322.27|20230101
G2088||37.25|20230101
G2212||33.42|20230101
G2213||65.56|20230101
G2214||40.7|20230101
G2250||9.83|20230101
G2251||13.36|20230101
G2252||27.12|20230101
G3002||78.7|20230101
G3003||27.12|20230101
Q0091||19.62|20230101
0446T||60.16|20230101
0447T||70.7|20230101
0448T||100.85|20230101
10004||45.08|20230101
10005||77.96|20230101
10006||53.12|20230101
10007||93.65|20230101
10008||53.99|20230101
10009||115.14|20230101
10010||74.34|20230101
10021||58.38|20230101
10030||142.25|20230101
10035||89.51|20230101
10036||45.0|20230101
10040||55.96|20230101
10060||118.43|20230101
10061||203.35|20230101
10080||116.53|20230101
10081||186.06|20230101
10120||117.65|20230101
10121||200.72|20230101
10140||130.33|20230101
10160||107.06|20230101
10180||195.56|20230101
11000||28.65|20230101
11001||15.62|20230101
11010||299.05|20230101
11011||314.7|20230101
11012||442.87|20230101
11042||64.41|20230101
11043||163.65|20230101
11044||238.24|20230101
11045||26.5|20230101
11046||57.2|20230101
11047||101.24|20230101
11055||16.59|20230101
11056||23.1|20230101
11057||30.02|20230101
11102||40.75|20230101
11103||23.27|20230101
11104||50.32|20230101
11105||27.45|20230101
11106||60.39|20230101
11107||32.89|20230101
11200||86.1|20230101
11201||17.68|20230101
11300||36.62|20230101
11301||55.21|20230101
11302||64.38|20230101
11303||76.21|20230101
11305||39.68|20230101
11306||52.51|20230101
11307||67.12|20230101
11308||74.32|20230101
11310||49.26|20230101
11311||67.6|20230101
11312||80.73|20230101
11313||102.7|20230101
11400||94.65|20230101
11401||118.41|20230101
11402||128.69|20230101
11403||165.75|20230101
11404||181.69|20230101
11406||269.9|20230101
11420||91.78|20230101
11421||121.53|20230101
11422||151.23|20230101
11423||173.14|20230101
11424||196.4|20230101
11426||293.3|20230101
11440||120.6|20230101
11441||149.19|20230101
11442||163.89|20230101
11443||198.09|20230101
11444||247.84|20230101
11446||344.94|20230101
11450||288.39|20230101
11451||363.85|20230101
11462||274.38|20230101
11463||366.58|20230101
11470||316.69|20230101
11471||383.42|20230101
11600||135.0|20230101
11601||163.36|20230101
11602||177.67|20230101
11603||211.65|20230101
11604||232.19|20230101
11606||340.29|20230101
11620||135.75|20230101
11621||164.36|20230101
11622||185.93|20230101
11623||228.77|20230101
11624||258.36|20230101
11626||314.17|20230101
11640||139.94|20230101
11641||171.01|20230101
11642||199.17|20230101
11643||247.55|20230101
11644||305.74|20230101
11646||419.91|20230101
11719||7.87|20230101
11720||15.12|20230101
11721||24.92|20230101
11730||57.3|20230101
11732||18.05|20230101
11740||35.77|20230101
11750||110.7|20230101
11755||64.39|20230101
11760||121.41|20230101
11762||204.08|20230101
11765||102.68|20230101
11770||201.03|20230101
11771||490.86|20230101
11772||637.9|20230101
11900||32.33|20230101
11901||49.17|20230101
11920||118.41|20230101
11921||141.99|20230101
11922||31.05|20230101
11950||56.0|20230101
11951||78.06|20230101
11952||109.37|20230101
11954||119.63|20230101
11976||97.86|20230101
11980||58.79|20230101
11981||66.16|20230101
11982||78.08|20230101
11983||109.31|20230101
12001||47.17|20230101
12002||61.43|20230101
12004||76.09|20230101
12005||97.71|20230101
12006||120.42|20230101
12007||150.17|20230101
12011||57.66|20230101
12013||60.18|20230101
12014||77.01|20230101
12015||97.11|20230101
12016||131.91|20230101
12020||206.29|20230101
12021||155.41|20230101
12031||167.71|20230101
12032||210.0|20230101
12034||224.61|20230101
12035||261.72|20230101
12036||303.32|20230101
12037||351.62|20230101
12041||159.05|20230101
12042||214.83|20230101
12044||232.99|20230101
12045||300.62|20230101
12046||343.81|20230101
12047||380.64|20230101
12051||186.65|20230101
12052||219.04|20230101
12053||235.56|20230101
12054||237.58|20230101
12055||324.84|20230101
12056||420.61|20230101
12057||456.62|20230101
13100||218.92|20230101
13101||271.74|20230101
13102||76.28|20230101
13120||255.1|20230101
13121||280.14|20230101
13122||88.11|20230101
13131||262.95|20230101
13132||328.93|20230101
13133||133.57|20230101
13151||302.26|20230101
13152||363.67|20230101
13153||145.72|20230101
14000||555.74|20230101
14001||715.19|20230101
14020||626.45|20230101
14021||779.36|20230101
14040||686.51|20230101
14041||836.89|20230101
14060||732.61|20230101
14061||899.38|20230101
14301||947.25|20230101
15002||233.55|20230101
15003||47.2|20230101
15004||277.88|20230101
15005||93.98|20230101
15040||132.51|20230101
15050||513.23|20230101
15100||781.89|20230101
15101||118.33|20230101
15110||771.33|20230101
15111||106.49|20230101
15115||744.9|20230101
15116||145.79|20230101
15120||752.0|20230101
15121||143.68|20230101
15130||659.73|20230101
15131||95.48|20230101
15135||831.68|20230101
15136||95.48|20230101
15150||686.77|20230101
15151||113.05|20230101
15152||148.43|20230101
15155||798.56|20230101
15156||154.87|20230101
15157||169.21|20230101
15200||736.17|20230101
15201||80.99|20230101
15220||672.4|20230101
15221||73.15|20230101
15240||878.75|20230101
15241||111.93|20230101
15260||932.17|20230101
15261||146.01|20230101
15271||88.63|20230101
15272||17.49|20230101
15273||206.15|20230101
15274||46.8|20230101
15275||98.78|20230101
15276||26.25|20230101
15277||236.81|20230101
15278||58.55|20230101
15570||797.56|20230101
15572||807.84|20230101
15574||804.47|20230101
15576||713.07|20230101
15600||239.43|20230101
15610||275.27|20230101
15620||365.48|20230101
15630||384.06|20230101
15650||448.78|20230101
15730||1004.62|20230101
15731||1093.96|20230101
15740||923.4|20230101
15760||770.35|20230101
15771||558.76|20230101
15772||157.95|20230101
15773||551.33|20230101
15774||153.56|20230101
15775||274.8|20230101
15776||374.88|20230101
15780||736.0|20230101
15781||478.65|20230101
15782||412.98|20230101
15783||395.45|20230101
15786||147.32|20230101
15787||17.8|20230101
15788||244.38|20230101
15789||457.15|20230101
15792||238.31|20230101
15793||398.01|20230101
15820||576.9|20230101
15821||613.39|20230101
15822||447.57|20230101
15823||615.59|20230101
15837||789.58|20230101
15839||809.65|20230101
15851||70.41|20230101
16000||48.2|20230101
16020||61.01|20230101
16025||119.24|20230101
16030||140.89|20230101
17000||61.62|20230101
17003||2.22|20230101
17004||109.31|20230101
17106||305.62|20230101
17107||396.5|20230101
17108||576.8|20230101
17110||75.9|20230101
17111||92.22|20230101
17250||40.95|20230101
17260||78.21|20230101
17261||95.54|20230101
17262||121.17|20230101
17263||133.67|20230101
17264||142.44|20230101
17266||167.47|20230101
17270||104.89|20230101
17271||115.73|20230101
17272||132.56|20230101
17273||149.64|20230101
17274||182.83|20230101
17276||219.65|20230101
17280||95.14|20230101
17281||129.58|20230101
17282||149.28|20230101
17283||185.41|20230101
17284||216.03|20230101
17286||290.8|20230101
17311||382.47|20230101
17312||203.75|20230101
17313||342.83|20230101
17314||188.4|20230101
17315||54.14|20230101
17340||53.81|20230101
17360||101.65|20230101
19000||44.89|20230101
19001||21.88|20230101
19020||346.2|20230101
19030||80.84|20230101
19081||172.63|20230101
19082||86.94|20230101
19083||162.36|20230101
19084||81.95|20230101
19085||189.51|20230101
19086||95.12|20230101
19100||71.61|20230101
19101||242.1|20230101
19105||218.45|20230101
19110||387.01|20230101
19112||356.2|20230101
19120||452.98|20230101
19125||499.3|20230101
19281||104.55|20230101
19282||52.72|20230101
19283||105.05|20230101
19284||52.57|20230101
19285||89.51|20230101
19286||45.0|20230101
19287||133.04|20230101
19288||66.9|20230101
19296||220.01|20230101
19298||344.12|20230101
19300||479.08|20230101
19350||741.2|20230101
19355||678.41|20230101
19396||154.03|20230101
20101||223.96|20230101
20102||271.44|20230101
20103||372.97|20230101
20200||100.94|20230101
20205||163.82|20230101
20206||61.61|20230101
20220||93.52|20230101
20225||137.47|20230101
20500||98.09|20230101
20501||38.67|20230101
20520||163.46|20230101
20525||269.81|20230101
20526||60.99|20230101
20527||70.99|20230101
20550||41.46|20230101
20551||41.46|20230101
20552||39.79|20230101
20553||45.48|20230101
20560||15.99|20230101
20561||23.91|20230101
20600||37.78|20230101
20604||48.83|20230101
20605||39.38|20230101
20606||55.22|20230101
20610||48.19|20230101
20611||63.6|20230101
20612||44.11|20230101
20615||177.81|20230101
20650||180.48|20230101
20665||108.68|20230101
20670||161.17|20230101
20680||460.15|20230101
20694||380.07|20230101
20900||194.64|20230101
20922||537.76|20230101
20950||95.39|20230101
20974||55.44|20230101
20979||34.05|20230101
20982||385.03|20230101
20983||359.21|20230101
21011||291.47|20230101
21013||444.78|20230101
21025||727.0|20230101
21026||476.29|20230101
21029||688.94|20230101
21030||401.85|20230101
21031||305.5|20230101
21032||290.46|20230101
21034||1232.52|20230101
21040||405.15|20230101
21073||267.78|20230101
21076||758.6|20230101
21077||1863.31|20230101
21079||1253.73|20230101
21080||1425.38|20230101
21081||1305.49|20230101
21082||1194.31|20230101
21083||1108.84|20230101
21084||1281.68|20230101
21085||520.25|20230101
21086||1374.0|20230101
21087||1374.0|20230101
21100||395.54|20230101
21110||827.09|20230101
21116||48.32|20230101
21120||574.78|20230101
21121||586.66|20230101
21125||730.49|20230101
21127||837.47|20230101
21208||808.46|20230101
21209||695.66|20230101
21210||832.57|20230101
21215||863.36|20230101
21235||633.55|20230101
21245||1054.92|20230101
21248||866.34|20230101
21249||1205.74|20230101
21270||819.32|20230101
21315||65.07|20230101
21320||102.51|20230101
21337||339.36|20230101
21345||709.23|20230101
21355||366.68|20230101
21356||450.35|20230101
21400||191.61|20230101
21401||369.38|20230101
21421||617.64|20230101
21440||645.7|20230101
21445||727.53|20230101
21450||557.59|20230101
21451||739.78|20230101
21452||545.69|20230101
21453||1080.58|20230101
21461||1213.9|20230101
21462||1336.1|20230101
21480||32.58|20230101
21485||928.16|20230101
21497||682.68|20230101
21501||373.95|20230101
21550||172.83|20230101
21555||339.92|20230101
21820||170.84|20230101
21920||171.23|20230101
21925||418.9|20230101
21930||400.12|20230101
22310||332.92|20230101
22315||849.2|20230101
22510||459.98|20230101
22511||432.37|20230101
22512||215.91|20230101
22513||542.34|20230101
22514||506.38|20230101
22515||228.09|20230101
22902||365.86|20230101
23000||398.31|20230101
23030||279.95|20230101
23031||246.66|20230101
23065||175.32|20230101
23066||409.49|20230101
23075||363.43|20230101
23330||187.19|20230101
23350||53.12|20230101
23500||265.74|20230101
23505||380.91|20230101
23520||277.01|20230101
23525||417.64|20230101
23540||274.76|20230101
23545||371.23|20230101
23570||281.5|20230101
23575||433.43|20230101
23600||367.43|20230101
23605||485.06|20230101
23620||302.15|20230101
23625||405.84|20230101
23650||341.84|20230101
23665||454.39|20230101
23675||562.93|20230101
23930||236.03|20230101
23931||180.96|20230101
24065||180.37|20230101
24066||467.51|20230101
24075||365.94|20230101
24200||154.83|20230101
24201||407.88|20230101
24220||70.71|20230101
24500||386.32|20230101
24505||513.23|20230101
24530||405.34|20230101
24535||642.07|20230101
24560||342.22|20230101
24565||561.46|20230101
24576||363.77|20230101
24577||575.16|20230101
24600||387.41|20230101
24640||88.48|20230101
24650||286.55|20230101
24655||461.4|20230101
24670||310.65|20230101
24675||475.22|20230101
25065||175.73|20230101
25075||352.36|20230101
25246||77.27|20230101
25500||298.85|20230101
25505||524.19|20230101
25520||615.85|20230101
25530||283.43|20230101
25535||520.42|20230101
25560||300.75|20230101
25565||526.84|20230101
25600||379.54|20230101
25605||578.46|20230101
25622||330.66|20230101
25624||510.11|20230101
25630||328.74|20230101
25635||483.94|20230101
25650||354.56|20230101
25675||468.67|20230101
26010||158.9|20230101
26011||207.84|20230101
26055||331.97|20230101
26115||373.78|20230101
26160||358.66|20230101
26341||87.64|20230101
26600||334.99|20230101
26605||344.8|20230101
26641||437.83|20230101
26645||449.95|20230101
26670||354.81|20230101
26675||481.15|20230101
26700||357.22|20230101
26705||453.62|20230101
26720||220.45|20230101
26725||349.29|20230101
26740||257.46|20230101
26742||383.86|20230101
26750||221.31|20230101
26755||314.8|20230101
26770||299.74|20230101
26775||408.2|20230101
26991||583.54|20230101
27040||217.96|20230101
27047||395.39|20230101
27086||188.55|20230101
27093||72.69|20230101
27095||87.03|20230101
27096||89.17|20230101
27200||216.81|20230101
27220||458.52|20230101
27230||537.54|20230101
27246||434.73|20230101
27256||255.56|20230101
27301||560.51|20230101
27323||194.05|20230101
27327||349.33|20230101
27369||42.97|20230101
27372||444.21|20230101
27500||537.51|20230101
27501||555.76|20230101
27508||560.05|20230101
27516||549.74|20230101
27520||348.61|20230101
27530||336.85|20230101
27532||645.34|20230101
27538||512.38|20230101
27550||532.09|20230101
27560||390.77|20230101
27603||432.67|20230101
27604||355.76|20230101
27605||201.18|20230101
27613||177.53|20230101
27614||459.69|20230101
27618||339.49|20230101
27630||394.56|20230101
27648||54.21|20230101
27656||385.53|20230101
27685||515.59|20230101
27750||372.21|20230101
27752||550.91|20230101
27760||354.05|20230101
27762||493.58|20230101
27767||338.01|20230101
27780||330.31|20230101
27781||459.94|20230101
27786||331.82|20230101
27788||437.53|20230101
27808||354.35|20230101
27810||483.04|20230101
27816||338.58|20230101
27818||494.65|20230101
27824||351.59|20230101
27825||549.09|20230101
27830||412.2|20230101
28001||102.15|20230101
28002||149.51|20230101
28003||275.58|20230101
28008||324.39|20230101
28010||230.57|20230101
28011||307.21|20230101
28020||408.11|20230101
28022||360.83|20230101
28024||338.71|20230101
28035||395.91|20230101
28039||373.33|20230101
28043||287.45|20230101
28045||382.29|20230101
28050||306.6|20230101
28052||280.44|20230101
28054||257.93|20230101
28060||395.71|20230101
28062||441.97|20230101
28070||377.75|20230101
28072||358.69|20230101
28080||421.94|20230101
28086||391.76|20230101
28088||323.69|20230101
28090||340.67|20230101
28092||301.15|20230101
28100||462.62|20230101
28104||389.08|20230101
28107||379.15|20230101
28108||318.2|20230101
28110||322.62|20230101
28111||349.98|20230101
28112||345.93|20230101
28113||472.18|20230101
28114||922.07|20230101
28116||646.94|20230101
28118||463.34|20230101
28119||400.17|20230101
28120||546.4|20230101
28122||481.12|20230101
28124||368.16|20230101
28126||274.51|20230101
28140||463.1|20230101
28150||306.98|20230101
28153||292.13|20230101
28160||294.41|20230101
28190||145.31|20230101
28192||341.09|20230101
28193||401.34|20230101
28200||361.4|20230101
28202||470.55|20230101
28208||357.12|20230101
28210||467.74|20230101
28220||335.75|20230101
28222||399.71|20230101
28225||292.25|20230101
28226||447.45|20230101
28230||314.08|20230101
28232||266.18|20230101
28234||299.39|20230101
28238||537.02|20230101
28240||323.24|20230101
28250||451.96|20230101
28260||583.99|20230101
28261||1027.36|20230101
28262||1223.33|20230101
28264||735.91|20230101
28270||368.91|20230101
28272||275.88|20230101
28280||382.54|20230101
28285||425.27|20230101
28286||325.54|20230101
28288||481.71|20230101
28289||507.07|20230101
28291||530.14|20230101
28292||531.3|20230101
28295||672.89|20230101
28296||561.53|20230101
28297||660.6|20230101
28298||553.93|20230101
28299||647.95|20230101
28304||673.05|20230101
28306||446.04|20230101
28307||575.69|20230101
28308||427.25|20230101
28310||397.09|20230101
28312||374.67|20230101
28313||398.14|20230101
28315||359.84|20230101
28322||635.85|20230101
28340||444.58|20230101
28341||527.22|20230101
28344||306.96|20230101
28345||395.6|20230101
28400||264.91|20230101
28405||459.41|20230101
28430||242.21|20230101
28435||374.73|20230101
28450||219.06|20230101
28455||296.89|20230101
28470||236.33|20230101
28475||256.53|20230101
28490||144.39|20230101
28495||169.77|20230101
28496||282.76|20230101
28505||545.36|20230101
28510||138.83|20230101
28515||164.07|20230101
28525||450.37|20230101
28530||115.09|20230101
28531||201.28|20230101
28540||199.23|20230101
28545||312.28|20230101
28546||401.87|20230101
28555||730.94|20230101
28570||227.92|20230101
28575||388.77|20230101
28585||764.24|20230101
28600||213.24|20230101
28605||351.49|20230101
28630||120.95|20230101
28635||148.54|20230101
28636||219.54|20230101
28645||532.8|20230101
28660||102.93|20230101
28665||137.22|20230101
28675||458.58|20230101
28740||677.53|20230101
28750||634.79|20230101
28755||368.61|20230101
28760||618.43|20230101
28820||188.81|20230101
28825||183.08|20230101
28890||242.44|20230101
29000||213.24|20230101
29010||175.61|20230101
29015||196.95|20230101
29035||157.85|20230101
29040||189.4|20230101
29044||183.6|20230101
29046||205.79|20230101
29049||76.09|20230101
29055||150.57|20230101
29058||101.76|20230101
29065||74.98|20230101
29075||69.19|20230101
29085||73.93|20230101
29086||54.99|20230101
29105||44.15|20230101
29125||44.65|20230101
29126||54.24|20230101
29130||31.4|20230101
29131||37.59|20230101
29200||19.92|20230101
29240||19.52|20230101
29260||20.41|20230101
29280||21.22|20230101
29305||173.5|20230101
29325||193.83|20230101
29345||108.4|20230101
29355||115.51|20230101
29358||111.97|20230101
29365||95.22|20230101
29405||64.2|20230101
29425||59.29|20230101
29435||88.05|20230101
29440||29.6|20230101
29445||105.44|20230101
29450||120.75|20230101
29505||57.09|20230101
29515||53.85|20230101
29520||19.52|20230101
29530||19.52|20230101
29540||18.41|20230101
29550||11.75|20230101
29580||27.62|20230101
29581||28.72|20230101
29584||17.06|20230101
29700||35.09|20230101
29705||47.93|20230101
29710||87.81|20230101
29720||46.79|20230101
29730||47.57|20230101
29740||73.57|20230101
29750||82.07|20230101
29870||453.5|20230101
29893||483.37|20230101
30000||136.11|20230101
30020||137.32|20230101
30100||74.78|20230101
30110||148.26|20230101
30117||380.92|20230101
30120||467.81|20230101
30140||192.68|20230101
30200||66.06|20230101
30210||116.47|20230101
30220||143.22|20230101
30300||142.76|20230101
30468||183.26|20230101
30469||162.86|20230101
30560||173.53|20230101
30580||508.82|20230101
30600||421.91|20230101
30801||177.46|20230101
30802||232.16|20230101
30901||59.68|20230101
30903||81.39|20230101
30905||112.08|20230101
30906||141.86|20230101
31000||124.81|20230101
31020||409.89|20230101
31030||579.03|20230101
31231||69.63|20230101
31233||146.4|20230101
31235||172.1|20230101
31237||173.03|20230101
31238||180.64|20230101
31254||260.86|20230101
31295||169.74|20230101
31296||192.85|20230101
31297||154.83|20230101
31298||274.49|20230101
31505||54.89|20230101
31510||131.64|20230101
31511||145.29|20230101
31512||140.25|20230101
31515||120.87|20230101
31525||172.08|20230101
31570||245.53|20230101
31572||194.64|20230101
31573||160.9|20230101
31574||161.3|20230101
31575||74.87|20230101
31576||129.13|20230101
31577||144.52|20230101
31578||161.3|20230101
31579||130.13|20230101
31612||51.25|20230101
31615||124.7|20230101
31622||138.07|20230101
31623||138.29|20230101
31624||140.63|20230101
31625||163.02|20230101
31626||204.67|20230101
31627||99.82|20230101
31628||184.07|20230101
31629||194.79|20230101
31632||51.38|20230101
31633||65.35|20230101
31634||197.69|20230101
31635||182.95|20230101
31645||153.99|20230101
31652||230.48|20230101
31653||255.44|20230101
31654||69.39|20230101
31717||112.02|20230101
31730||153.95|20230101
31820||367.66|20230101
31825||536.58|20230101
31830||413.1|20230101
32400||88.43|20230101
32408||159.73|20230101
32550||213.9|20230101
32552||168.7|20230101
32553||184.5|20230101
32554||92.65|20230101
32555||115.01|20230101
32556||129.24|20230101
32557||156.4|20230101
32560||78.65|20230101
32561||70.66|20230101
32562||63.01|20230101
32960||96.23|20230101
32994||456.94|20230101
32998||457.93|20230101
33285||91.28|20230101
33286||89.97|20230101
36002||108.89|20230101
36005||49.46|20230101
36010||110.62|20230101
36011||160.25|20230101
36012||177.14|20230101
36013||129.3|20230101
36014||155.82|20230101
36015||176.61|20230101
36100||156.22|20230101
36140||90.59|20230101
36160||127.14|20230101
36200||140.27|20230101
36215||220.13|20230101
36216||276.45|20230101
36217||336.67|20230101
36218||53.28|20230101
36221||201.99|20230101
36222||290.57|20230101
36223||334.65|20230101
36224||376.5|20230101
36225||331.2|20230101
36226||374.31|20230101
36227||123.02|20230101
36228||251.38|20230101
36245||241.32|20230101
36246||255.22|20230101
36247||304.77|20230101
36248||49.95|20230101
36251||262.11|20230101
36252||363.0|20230101
36253||365.14|20230101
36254||422.64|20230101
36400||20.06|20230101
36405||15.89|20230101
36406||9.43|20230101
36410||9.68|20230101
36465||121.72|20230101
36466||157.01|20230101
36470||39.56|20230101
36471||77.9|20230101
36473||184.73|20230101
36474||92.0|20230101
36475||283.99|20230101
36476||136.09|20230101
36478||284.37|20230101
36479||138.01|20230101
36481||339.51|20230101
36482||182.23|20230101
36483||89.92|20230101
36510||56.62|20230101
36514||99.25|20230101
36516||88.7|20230101
36522||103.47|20230101
36555||88.18|20230101
36556||87.85|20230101
36557||340.19|20230101
36558||275.27|20230101
36560||406.03|20230101
36561||351.78|20230101
36563||384.56|20230101
36565||350.95|20230101
36566||375.91|20230101
36570||352.91|20230101
36571||330.96|20230101
36572||83.5|20230101
36573||88.31|20230101
36575||35.08|20230101
36576||194.87|20230101
36578||215.98|20230101
36580||68.47|20230101
36581||194.31|20230101
36582||303.33|20230101
36583||348.73|20230101
36584||61.5|20230101
36585||299.58|20230101
36589||146.1|20230101
36590||202.54|20230101
36595||188.83|20230101
36596||47.08|20230101
36597||63.48|20230101
36598||37.56|20230101
36600||15.84|20230101
36836||366.71|20230101
36837||476.7|20230101
36860||113.81|20230101
36901||173.26|20230101
36902||246.6|20230101
36903||322.61|20230101
36904||378.42|20230101
36905||456.42|20230101
36906||524.57|20230101
36907||149.96|20230101
36908||210.71|20230101
36909||205.62|20230101
37183||389.04|20230101
37184||439.22|20230101
37185||165.03|20230101
37186||245.57|20230101
37187||403.17|20230101
37188||288.36|20230101
37191||228.25|20230101
37192||341.81|20230101
37193||355.87|20230101
37197||307.16|20230101
37220||403.07|20230101
37221||495.6|20230101
37222||186.25|20230101
37223||211.96|20230101
37224||447.16|20230101
37225||603.43|20230101
37226||521.76|20230101
37227||722.48|20230101
37228||544.66|20230101
37229||701.37|20230101
37230||699.0|20230101
37231||745.72|20230101
37232||200.79|20230101
37233||326.06|20230101
37234||283.93|20230101
37235||379.32|20230101
37236||445.53|20230101
37237||210.98|20230101
37238||310.93|20230101
37239||152.33|20230101
37241||440.38|20230101
37242||486.89|20230101
37243||580.51|20230101
37244||685.93|20230101
37246||353.49|20230101
37247||173.49|20230101
37248||304.81|20230101
37249||147.8|20230101
37252||90.4|20230101
37253||71.83|20230101
37609||220.33|20230101
37765||280.31|20230101
37766||342.51|20230101
37785||268.96|20230101
38220||73.06|20230101
38221||75.49|20230101
38222||80.84|20230101
38300||231.77|20230101
38500||275.31|20230101
38505||91.8|20230101
38510||451.59|20230101
38792||34.22|20230101
40490||74.66|20230101
40500||415.47|20230101
40510||387.01|20230101
40520||397.71|20230101
40530||450.75|20230101
40650||350.14|20230101
40652||402.96|20230101
40654||474.39|20230101
40800||134.44|20230101
40801||219.98|20230101
40804||126.91|20230101
40805||218.82|20230101
40806||32.44|20230101
40808||99.56|20230101
40810||138.91|20230101
40812||205.55|20230101
40814||318.69|20230101
40816||339.46|20230101
40818||302.11|20230101
40819||222.63|20230101
40820||191.43|20230101
40830||163.01|20230101
40831||225.02|20230101
40840||698.25|20230101
40842||746.79|20230101
40843||949.86|20230101
40844||1288.47|20230101
40845||1316.66|20230101
41000||117.68|20230101
41005||135.29|20230101
41006||255.52|20230101
41007||243.96|20230101
41008||285.34|20230101
41009||317.32|20230101
41010||125.4|20230101
41015||332.25|20230101
41016||387.66|20230101
41017||386.06|20230101
41018||446.76|20230101
41100||119.6|20230101
41105||122.57|20230101
41108||102.56|20230101
41110||146.17|20230101
41112||274.25|20230101
41113||297.7|20230101
41115||164.29|20230101
41116||242.95|20230101
41250||170.04|20230101
41251||202.6|20230101
41252||230.2|20230101
41520||284.31|20230101
41530||432.23|20230101
41800||176.06|20230101
41805||229.18|20230101
41806||317.45|20230101
41822||223.84|20230101
41823||412.56|20230101
41825||136.42|20230101
41826||221.58|20230101
41827||320.21|20230101
41828||243.39|20230101
41830||353.11|20230101
41872||342.95|20230101
41874||269.48|20230101
42000||122.27|20230101
42100||123.25|20230101
42104||150.78|20230101
42106||181.05|20230101
42107||364.91|20230101
42140||183.99|20230101
42160||159.99|20230101
42180||208.36|20230101
42182||284.26|20230101
42260||737.61|20230101
42280||121.11|20230101
42281||181.19|20230101
42300||175.21|20230101
42310||152.58|20230101
42320||199.99|20230101
42330||184.17|20230101
42335||293.31|20230101
42340||383.56|20230101
42400||58.1|20230101
42405||250.43|20230101
42408||389.94|20230101
42409||259.92|20230101
42450||408.05|20230101
42500||388.24|20230101
42505||511.07|20230101
42550||65.44|20230101
42600||396.35|20230101
42650||65.3|20230101
42660||96.21|20230101
42665||243.56|20230101
42700||152.41|20230101
42720||420.03|20230101
42800||130.59|20230101
42804||139.49|20230101
42806||159.34|20230101
42808||184.32|20230101
42809||138.84|20230101
42810||318.35|20230101
43197||86.78|20230101
43198||104.72|20230101
43200||93.83|20230101
43201||110.41|20230101
43202||109.92|20230101
43206||141.68|20230101
43213||274.23|20230101
43215||149.29|20230101
43216||141.88|20230101
43217||169.81|20230101
43220||125.64|20230101
43226||138.11|20230101
43227||175.02|20230101
43229||208.43|20230101
43235||130.59|20230101
43236||146.67|20230101
43239||147.17|20230101
43245||185.88|20230101
43247||187.41|20230101
43248||176.29|20230101
43249||163.13|20230101
43250||179.97|20230101
43251||207.88|20230101
43252||178.46|20230101
43255||212.42|20230101
43270||237.62|20230101
43290||189.62|20230101
43291||170.23|20230101
43450||86.04|20230101
43453||92.74|20230101
43754||41.28|20230101
43755||64.5|20230101
43756||55.42|20230101
43757||82.92|20230101
43761||109.08|20230101
43762||38.34|20230101
43763||93.1|20230101
44380||61.62|20230101
44381||90.88|20230101
44382||79.74|20230101
44385||78.23|20230101
44386||95.53|20230101
44388||165.41|20230101
44388|53|83.03|20230101
44389||182.06|20230101
44390||223.15|20230101
44391||244.35|20230101
44392||210.22|20230101
44394||238.28|20230101
44401||256.95|20230101
44404||182.46|20230101
44405||194.54|20230101
45005||183.63|20230101
45300||51.75|20230101
45303||91.36|20230101
45305||78.31|20230101
45307||105.83|20230101
45308||89.72|20230101
45309||95.11|20230101
45315||111.71|20230101
45317||117.68|20230101
45320||110.35|20230101
45330||60.8|20230101
45331||77.54|20230101
45332||111.74|20230101
45333||99.88|20230101
45334||125.55|20230101
45335||71.99|20230101
45338||127.96|20230101
45340||84.02|20230101
45346||170.74|20230101
45350||107.46|20230101
45378||195.62|20230101
45378|53|97.81|20230101
45379||252.51|20230101
45380||212.76|20230101
45381||212.51|20230101
45382||274.09|20230101
45384||240.12|20230101
45385||268.89|20230101
45386||224.14|20230101
45388||286.09|20230101
45398||248.36|20230101
45520||44.48|20230101
45915||251.28|20230101
46030||93.08|20230101
46040||470.07|20230101
46050||112.29|20230101
46080||170.57|20230101
46083||121.02|20230101
46200||381.18|20230101
46220||134.0|20230101
46221||215.04|20230101
46230||188.71|20230101
46250||352.19|20230101
46255||390.72|20230101
46270||445.7|20230101
46275||468.69|20230101
46285||468.85|20230101
46320||123.73|20230101
46500||210.55|20230101
46505||278.7|20230101
46600||45.22|20230101
46601||99.8|20230101
46604||71.01|20230101
46606||80.73|20230101
46607||132.65|20230101
46608||89.72|20230101
46610||86.0|20230101
46611||86.44|20230101
46612||100.34|20230101
46614||69.7|20230101
46615||97.13|20230101
46754||269.8|20230101
46900||151.52|20230101
46910||147.68|20230101
46916||157.27|20230101
46917||141.01|20230101
46922||151.32|20230101
46924||196.39|20230101
46930||171.23|20230101
46940||157.66|20230101
46942||141.86|20230101
47000||93.52|20230101
47382||771.74|20230101
47383||472.92|20230101
47531||74.28|20230101
47532||219.52|20230101
47533||275.09|20230101
47534||384.31|20230101
47535||204.3|20230101
47536||137.35|20230101
47537||101.54|20230101
47538||243.99|20230101
47539||440.54|20230101
47540||455.74|20230101
47541||349.86|20230101
47542||140.97|20230101
47543||148.93|20230101
47544||161.84|20230101
48102||248.4|20230101
49082||77.89|20230101
49083||112.83|20230101
49180||87.36|20230101
49185||124.69|20230101
49400||94.37|20230101
49405||203.17|20230101
49406||203.17|20230101
49407||214.7|20230101
49411||195.8|20230101
49418||211.02|20230101
49423||73.94|20230101
49424||39.32|20230101
49436||200.05|20230101
49440||213.88|20230101
49441||250.84|20230101
49442||220.31|20230101
49446||152.51|20230101
49450||69.2|20230101
49451||92.31|20230101
49452||142.53|20230101
49460||52.2|20230101
49465||32.26|20230101
50200||134.1|20230101
50382||262.05|20230101
50384||236.14|20230101
50385||226.97|20230101
50386||170.25|20230101
50387||86.47|20230101
50389||55.71|20230101
50391||101.96|20230101
50430||161.86|20230101
50431||70.56|20230101
50432||214.91|20230101
50433||266.03|20230101
50434||200.1|20230101
50435||105.65|20230101
50551||308.36|20230101
50553||329.42|20230101
50555||356.84|20230101
50557||361.48|20230101
50561||411.62|20230101
50590||613.12|20230101
50592||361.94|20230101
50593||482.06|20230101
50606||142.26|20230101
50684||55.07|20230101
50686||94.03|20230101
50690||75.34|20230101
50693||213.4|20230101
50694||279.14|20230101
50695||357.14|20230101
50705||181.64|20230101
50706||187.26|20230101
50951||320.56|20230101
50953||341.57|20230101
50955||368.09|20230101
50957||370.15|20230101
50961||331.54|20230101
51100||40.92|20230101
51101||53.12|20230101
51102||151.96|20230101
51600||46.06|20230101
51610||69.04|20230101
51700||31.64|20230101
51701||26.65|20230101
51702||26.41|20230101
51703||80.57|20230101
51705||55.05|20230101
51710||85.55|20230101
51715||210.46|20230101
51720||45.96|20230101
52000||84.54|20230101
52001||300.55|20230101
52005||139.94|20230101
52007||174.65|20230101
52010||174.0|20230101
52204||148.47|20230101
52214||182.43|20230101
52224||211.26|20230101
52265||171.26|20230101
52270||190.64|20230101
52275||259.89|20230101
52281||160.34|20230101
52283||211.55|20230101
52285||205.74|20230101
52287||177.59|20230101
52310||159.09|20230101
52315||287.79|20230101
52317||361.81|20230101
52330||275.32|20230101
52332||163.86|20230101
52441||219.44|20230101
52442||52.77|20230101
52647||695.81|20230101
52648||740.5|20230101
53060||179.99|20230101
53200||149.85|20230101
53260||195.66|20230101
53265||203.77|20230101
53270||198.98|20230101
53600||67.5|20230101
53601||56.52|20230101
53620||91.74|20230101
53621||75.67|20230101
53660||44.46|20230101
53661||43.21|20230101
53850||386.98|20230101
53852||413.98|20230101
53854||413.74|20230101
53855||85.63|20230101
53860||237.25|20230101
54000||121.2|20230101
54001||152.21|20230101
54050||119.32|20230101
54055||106.26|20230101
54056||125.01|20230101
54057||108.48|20230101
54060||143.22|20230101
54065||189.02|20230101
54100||131.62|20230101
54105||229.23|20230101
54115||461.39|20230101
54150||101.53|20230101
54160||155.98|20230101
54162||216.53|20230101
54200||95.75|20230101
54220||140.95|20230101
54230||85.35|20230101
54231||122.95|20230101
54235||79.64|20230101
54450||59.96|20230101
55000||90.39|20230101
55100||182.89|20230101
55200||300.31|20230101
55250||250.83|20230101
55700||136.45|20230101
55870||149.32|20230101
55873||816.25|20230101
55874||174.89|20230101
55876||109.29|20230101
56405||142.82|20230101
56420||123.79|20230101
56441||172.46|20230101
56501||150.43|20230101
56515||234.58|20230101
56605||63.05|20230101
56606||31.17|20230101
56820||90.17|20230101
56821||120.54|20230101
57020||84.15|20230101
57061||130.14|20230101
57065||205.54|20230101
57100||69.24|20230101
57105||164.62|20230101
57130||191.54|20230101
57135||207.6|20230101
57150||27.3|20230101
57155||307.61|20230101
57156||164.91|20230101
57160||48.6|20230101
57170||50.45|20230101
57180||135.18|20230101
57420||95.32|20230101
57421||128.9|20230101
57452||97.8|20230101
57454||142.18|20230101
57455||115.42|20230101
57456||107.41|20230101
57460||170.13|20230101
57461||194.23|20230101
57465||45.37|20230101
57500||80.89|20230101
57505||123.5|20230101
57510||121.22|20230101
57511||163.8|20230101
57513||163.4|20230101
57520||328.23|20230101
57522||281.37|20230101
57558||143.43|20230101
57800||51.49|20230101
58100||66.79|20230101
58110||42.26|20230101
58120||255.25|20230101
58301||69.96|20230101
58321||51.21|20230101
58322||60.88|20230101
58323||12.74|20230101
58340||62.31|20230101
58350||107.81|20230101
58353||253.19|20230101
58356||379.49|20230101
58555||161.66|20230101
58558||246.11|20230101
58562||235.74|20230101
58563||261.58|20230101
58565||501.14|20230101
58800||348.25|20230101
58970||208.75|20230101
58976||225.91|20230101
59000||84.27|20230101
59015||136.26|20230101
59070||320.61|20230101
59074||320.61|20230101
59160||202.99|20230101
59200||45.82|20230101
59300||154.41|20230101
59425||451.42|20230101
59426||829.03|20230101
59430||186.86|20230101
59812||330.88|20230101
59820||423.17|20230101
59821||410.13|20230101
59840||241.11|20230101
59841||398.06|20230101
60000||177.45|20230101
60100||81.34|20230101
60300||51.26|20230101
62263||346.81|20230101
62264||262.09|20230101
62267||163.95|20230101
62270||65.31|20230101
62272||94.21|20230101
62273||120.49|20230101
62280||172.04|20230101
62281||172.61|20230101
62282||154.08|20230101
62284||89.87|20230101
62290||168.28|20230101
62291||155.36|20230101
62302||127.05|20230101
62303||127.05|20230101
62304||125.23|20230101
62305||130.38|20230101
62320||107.06|20230101
62321||114.27|20230101
62322||85.41|20230101
62323||105.9|20230101
62324||94.39|20230101
62325||118.15|20230101
62326||90.9|20230101
62327||113.31|20230101
62328||91.22|20230101
62329||113.33|20230101
62367||26.1|20230101
62368||36.53|20230101
62369||36.93|20230101
62370||48.78|20230101
63650||446.46|20230101
63661||354.28|20230101
63663||484.54|20230101
64400||53.71|20230101
64405||55.15|20230101
64408||48.53|20230101
64415||73.33|20230101
64417||67.0|20230101
64418||59.16|20230101
64420||62.78|20230101
64421||25.92|20230101
64425||58.75|20230101
64430||58.43|20230101
64435||46.37|20230101
64445||77.89|20230101
64447||66.62|20230101
64450||44.99|20230101
64451||87.38|20230101
64454||87.78|20230101
64455||35.26|20230101
64461||81.8|20230101
64462||51.04|20230101
64463||85.51|20230101
64479||140.3|20230101
64480||65.12|20230101
64483||119.49|20230101
64484||54.73|20230101
64486||57.71|20230101
64487||66.2|20230101
64488||71.65|20230101
64489||81.57|20230101
64490||113.04|20230101
64491||62.9|20230101
64492||64.1|20230101
64493||97.35|20230101
64494||54.33|20230101
64495||55.13|20230101
64505||112.81|20230101
64510||83.65|20230101
64517||136.38|20230101
64520||91.71|20230101
64530||102.29|20230101
64553||427.45|20230101
64555||350.18|20230101
64561||323.55|20230101
64566||31.64|20230101
64585||156.53|20230101
64590||175.26|20230101
64595||139.84|20230101
64600||249.68|20230101
64605||376.78|20230101
64610||509.81|20230101
64611||122.9|20230101
64612||130.93|20230101
64615||128.84|20230101
64616||115.28|20230101
64617||116.47|20230101
64620||192.2|20230101
64624||157.62|20230101
64625||210.13|20230101
64630||206.45|20230101
64632||72.11|20230101
64633||206.45|20230101
64634||70.97|20230101
64635||206.85|20230101
64636||62.65|20230101
64640||128.19|20230101
64642||113.13|20230101
64643||74.23|20230101
64644||123.5|20230101
64645||85.67|20230101
64646||122.34|20230101
64647||140.59|20230101
64650||43.39|20230101
64653||54.85|20230101
64680||175.62|20230101
64681||240.76|20230101
64721||491.33|20230101
65125||328.33|20230101
65210||39.05|20230101
65220||44.46|20230101
65222||54.42|20230101
65270||155.54|20230101
65272||389.84|20230101
65275||507.02|20230101
65286||546.06|20230101
65400||668.13|20230101
65410||111.38|20230101
65420||423.35|20230101
65426||529.02|20230101
65430||110.57|20230101
65435||76.06|20230101
65436||407.85|20230101
65450||361.36|20230101
65600||376.95|20230101
65772||448.18|20230101
65778||56.87|20230101
65779||158.25|20230101
65785||492.06|20230101
65800||95.67|20230101
65815||527.25|20230101
65855||224.72|20230101
65860||271.49|20230101
66020||145.35|20230101
66030||123.98|20230101
66130||619.83|20230101
66250||614.68|20230101
66700||431.48|20230101
66710||431.48|20230101
66720||457.33|20230101
66740||431.48|20230101
66761||261.26|20230101
66762||469.62|20230101
66770||531.94|20230101
66821||348.91|20230101
67025||697.23|20230101
67028||99.47|20230101
67031||391.75|20230101
67101||315.69|20230101
67105||304.72|20230101
67110||899.57|20230101
67120||612.67|20230101
67141||240.82|20230101
67145||240.82|20230101
67208||634.89|20230101
67210||550.71|20230101
67220||550.46|20230101
67221||224.93|20230101
67225||29.67|20230101
67227||279.15|20230101
67228||331.5|20230101
67345||234.55|20230101
67500||68.33|20230101
67505||78.37|20230101
67515||51.32|20230101
67700||129.38|20230101
67710||109.81|20230101
67715||120.06|20230101
67800||112.46|20230101
67801||144.49|20230101
67805||179.97|20230101
67810||73.4|20230101
67820||24.27|20230101
67825||135.66|20230101
67830||152.14|20230101
67840||173.6|20230101
67850||145.3|20230101
67875||104.16|20230101
67880||407.29|20230101
67882||520.26|20230101
67900||555.4|20230101
67901||652.31|20230101
67903||527.75|20230101
67904||654.61|20230101
67908||479.64|20230101
67909||484.34|20230101
67912||535.76|20230101
67914||365.68|20230101
67915||223.83|20230101
67916||474.3|20230101
67917||503.11|20230101
67921||348.36|20230101
67922||224.23|20230101
67923||474.7|20230101
67924||503.02|20230101
67930||256.28|20230101
67935||479.5|20230101
67938||132.04|20230101
67950||509.83|20230101
67961||500.7|20230101
67966||717.44|20230101
68020||122.21|20230101
68040||51.16|20230101
68100||104.31|20230101
68110||164.26|20230101
68115||201.64|20230101
68130||455.76|20230101
68135||165.87|20230101
68200||37.21|20230101
68320||597.5|20230101
68330||508.62|20230101
68340||440.34|20230101
68360||453.51|20230101
68400||144.56|20230101
68420||182.25|20230101
68440||112.51|20230101
68510||310.42|20230101
68530||277.08|20230101
68705||183.14|20230101
68760||161.64|20230101
68761||131.0|20230101
68801||89.05|20230101
68810||142.21|20230101
68815||246.38|20230101
68816||173.15|20230101
68840||131.21|20230101
68841||35.6|20230101
68850||56.55|20230101
69000||140.03|20230101
69005||178.22|20230101
69020||163.98|20230101
69100||50.41|20230101
69105||70.39|20230101
69110||372.03|20230101
69145||293.67|20230101
69200||51.25|20230101
69210||34.81|20230101
69220||55.63|20230101
69222||155.04|20230101
69300||520.23|20230101
69420||135.85|20230101
69424||66.69|20230101
69433||148.94|20230101
69540||149.32|20230101
69610||315.19|20230101
69620||557.09|20230101
69705||187.46|20230101
69706||260.7|20230101
69801||134.68|20230101
70370||118.48|20230101
70370|TC|102.64|20230101
70496||302.89|20230101
70496|TC|213.16|20230101
70498||302.89|20230101
70498|TC|213.16|20230101
71275||306.17|20230101
71275|TC|213.16|20230101
71550||351.16|20230101
71550|TC|276.21|20230101
71552||552.18|20230101
71552|TC|436.28|20230101
72191||304.61|20230101
72191|TC|213.16|20230101
72193||272.74|20230101
72193|TC|213.32|20230101
72194||276.06|20230101
72194|TC|213.72|20230101
73200||177.59|20230101
73200|TC|126.74|20230101
73202||275.66|20230101
73202|TC|213.32|20230101
73206||304.61|20230101
73206|TC|213.16|20230101
73218||346.06|20230101
73218|TC|276.45|20230101
73706||309.4|20230101
73706|TC|213.16|20230101
74160||278.48|20230101
74160|TC|213.32|20230101
74170||285.09|20230101
74170|TC|213.72|20230101
74175||305.77|20230101
74175|TC|213.16|20230101
74251||274.05|20230101
74251|TC|213.88|20230101
74261||249.21|20230101
74261|TC|126.34|20230101
74262||341.34|20230101
74262|TC|213.32|20230101
74712||430.39|20230101
74712|TC|276.21|20230101
75573||342.79|20230101
75573|TC|213.41|20230101
75574||334.98|20230101
75574|TC|213.16|20230101
75635||333.78|20230101
75635|TC|213.32|20230101
76380||151.27|20230101
76380|TC|102.64|20230101
76872||160.9|20230101
76872|TC|126.34|20230101
76885||140.92|20230101
76885|TC|102.89|20230101
77078||115.36|20230101
77078|TC|102.64|20230101
77084||358.77|20230101
77084|TC|276.45|20230101
80503||23.75|20230101
80504||51.28|20230101
80505||97.14|20230101
85097||51.54|20230101
86077||52.74|20230101
86078||52.74|20230101
86079||53.14|20230101
88321||89.4|20230101
88325||142.02|20230101
88329||37.96|20230101
88363||20.82|20230101
89049||64.19|20230101
90785||13.94|20230101
90791||158.92|20230101
90792||181.45|20230101
90832||70.02|20230101
90833||65.43|20230101
90834||92.84|20230101
90836||82.9|20230101
90837||136.44|20230101
90838||110.1|20230101
90839||131.77|20230101
90840||65.92|20230101
90845||88.29|20230101
90846||100.36|20230101
90847||104.7|20230101
90849||31.02|20230101
90853||24.6|20230101
90865||130.42|20230101
90870||111.46|20230101
90880||92.28|20230101
90901||20.39|20230101
90912||45.7|20230101
90913||25.92|20230101
91111||1026.57|20230101
91111|TC|978.05|20230101
92002||49.72|20230101
92004||101.97|20230101
92012||54.84|20230101
92014||82.59|20230101
92020||22.18|20230101
92071||34.94|20230101
92072||101.98|20230101
92100||34.94|20230101
92201||24.29|20230101
92202||15.88|20230101
92230||37.49|20230101
92260||11.34|20230101
92311||56.16|20230101
92312||64.94|20230101
92313||46.48|20230101
92315||22.61|20230101
92316||33.96|20230101
92317||22.61|20230101
92504||10.23|20230101
92511||41.46|20230101
92512||29.29|20230101
92516||24.64|20230101
92517||45.78|20230101
92518||46.18|20230101
92519||69.58|20230101
92520||43.2|20230101
92557||34.59|20230101
92567||11.74|20230101
92568||16.38|20230101
92570||31.61|20230101
92579||40.54|20230101
92601||133.92|20230101
92602||75.93|20230101
92603||130.14|20230101
92604||72.55|20230101
92610||76.73|20230101
92612||72.15|20230101
92614||71.19|20230101
92616||107.18|20230101
92617||43.81|20230101
92620||86.31|20230101
92621||20.27|20230101
92625||66.6|20230101
92626||81.48|20230101
92627||19.16|20230101
92640||102.26|20230101
92950||191.13|20230101
92960||115.95|20230101
93264||37.35|20230101
93319||25.51|20230101
93356||12.2|20230101
93750||41.95|20230101
93797||9.43|20230101
93798||14.42|20230101
93888||153.3|20230101
93888|TC|126.58|20230101
93892||189.66|20230101
93892|TC|126.58|20230101
93893||190.31|20230101
93893|TC|126.34|20230101
93926||150.49|20230101
93926|TC|126.58|20230101
93976||167.14|20230101
93976|TC|126.58|20230101
93986||151.23|20230101
93986|TC|126.58|20230101
93990||150.67|20230101
93990|TC|126.58|20230101
94625||17.75|20230101
94626||28.84|20230101
94660||39.23|20230101
94780||25.21|20230101
94781||8.67|20230101
95017||3.93|20230101
95018||7.61|20230101
95024||1.0|20230101
95076||79.09|20230101
95079||72.83|20230101
95144||3.57|20230101
95145||3.17|20230101
95146||3.17|20230101
95147||3.17|20230101
95148||3.17|20230101
95149||3.17|20230101
95165||3.57|20230101
95170||3.17|20230101
95180||110.08|20230101
95717||107.9|20230101
95718||141.78|20230101
95719||167.05|20230101
95720||219.14|20230101
95721||218.09|20230101
95722||265.46|20230101
95723||266.74|20230101
95724||336.51|20230101
95725||304.49|20230101
95726||427.22|20230101
95830||97.77|20230101
95851||8.32|20230101
95852||5.75|20230101
95857||30.59|20230101
95970||19.8|20230101
95971||41.39|20230101
95972||42.83|20230101
95976||41.62|20230101
95977||55.68|20230101
95981||18.92|20230101
95982||38.41|20230101
95983||52.75|20230101
95984||46.35|20230101
95991||42.57|20230101
95992||38.78|20230101
96112||134.25|20230101
96113||60.22|20230101
96116||85.1|20230101
96121||70.77|20230101
96130||115.19|20230101
96131||80.83|20230101
96132||111.98|20230101
96133||80.83|20230101
96136||24.79|20230101
96137||18.94|20230101
96156||89.09|20230101
96158||60.36|20230101
96159||20.76|20230101
96164||9.29|20230101
96165||4.34|20230101
96167||63.9|20230101
96168||22.53|20230101
96405||31.44|20230101
96406||48.27|20230101
96440||145.97|20230101
96446||25.71|20230101
96450||81.71|20230101
96542||45.3|20230101
96920||69.01|20230101
96921||78.03|20230101
96922||126.21|20230101
97129||23.97|20230101
97597||37.57|20230101
97598||26.0|20230101
97605||26.55|20230101
97606||28.72|20230101
97607||23.06|20230101
97608||26.37|20230101
97610||19.23|20230101
97802||35.88|20230101
97803||30.24|20230101
97804||17.13|20230101
97810||33.07|20230101
97811||27.92|20230101
97813||36.05|20230101
97814||30.5|20230101
98925||24.9|20230101
98926||37.37|20230101
98927||49.03|20230101
98928||62.23|20230101
98929||74.55|20230101
98940||23.76|20230101
98941||36.63|20230101
98942||49.5|20230101
98966||11.91|20230101
98967||23.42|20230101
98968||33.07|20230101
98971||21.45|20230101
98972||32.96|20230101
98980||32.98|20230101
98981||32.22|20230101
99151||25.92|20230101
99152||13.05|20230101
99170||90.62|20230101
99202||51.36|20230101
99203||88.14|20230101
99204||142.29|20230101
99205||193.39|20230101
99211||9.43|20230101
99212||37.91|20230101
99213||70.58|20230101
99214||104.35|20230101
99215||153.45|20230101
99291||225.48|20230101
99292||113.18|20230101
99406||12.6|20230101
99407||26.72|20230101
99421||13.76|20230101
99422||27.12|20230101
99423||43.05|20230101
99424||78.7|20230101
99425||54.4|20230101
99426||52.23|20230101
99427||37.06|20230101
99437||54.0|20230101
99439||37.42|20230101
99441||37.42|20230101
99442||70.58|20230101
99443||103.86|20230101
99457||32.22|20230101
99458||32.22|20230101
99461||65.54|20230101
99474||9.43|20230101
99483||207.82|20230101
99484||31.42|20230101
99487||97.16|20230101
99489||53.59|20230101
99490||54.0|20230101
99491||80.87|20230101
99492||99.23|20230101
99493||108.47|20230101
99494||43.36|20230101
99495||149.84|20230101
99496||204.19|20230101
99497||80.87|20230101
99498||76.53|20230101
