SVC_CD|MODIFIER_1|FEE
10040||68.89
10060||60.88
10061||108.67
10080||79.04
10081||165.72
10120||74.23
10121||134.7
10140||71.56
10160||67.29
10180||168.76
11000||28.3
11001||14.95
11010||323.08
11011||405.33
11012||552.19
11043||224.83
11044||290.51
11055||24.03
11056||36.32
11057||38.46
11200||45.4
11201||18.16
11300||37.91
11301||48.6
11302||56.07
11303||67.29
11305||36.85
11306||50.73
11307||57.15
11308||72.62
11310||45.93
11311||56.6
11312||61.95
11313||78.5
11400||83.31
11401||93.98
11402||103.06
11403||116.42
11404||127.1
11406||277.15
11420||76.37
11421||96.12
11422||106.27
11423||124.43
11424||145.26
11426||344.44
11440||92.39
11441||106.81
11442||114.81
11443||142.05
11444||176.23
11446||399.45
11450||168.76
11451||223.22
11462||162.35
11463||232.3
11470||194.39
11471||249.93
11600||99.33
11601||113.75
11602||121.22
11603||241.38
11604||260.6
11606||325.75
11620||121.22
11621||181.57
11622||239.24
11623||263.27
11624||300.65
11626||386.64
11640||181.57
11641||241.91
11642||267.01
11643||331.1
11644||400.53
11646||508.39
11720||28.3
11721||47.52
11730||45.93
11732||21.36
11740||28.1
11750||121.22
11755||88.65
11760||144.19
11762||233.91
11765||75.84
11770||139.38
11771||423.48
11772||612.6
11900||30.44
11901||43.79
11960||520.14
11970||553.79
11971||236.04
11976||142.97
11980||110.55
12001||100.39
12002||106.81
12004||120.69
12005||146.32
12006||197.59
12007||403.73
12011||104.67
12013||113.75
12014||132.97
12015||161.81
12016||223.75
12017||467.27
12018||545.24
12020||245.66
12021||180.5
12031||121.22
12032||131.38
12034||148.99
12035||162.35
12036||226.97
12041||134.58
12042||143.12
12044||155.4
12045||176.23
12046||231.77
12047||493.45
12051||135.11
12052||142.05
12053||154.33
12054||223.75
12055||332.69
12056||510.53
12057||539.36
13100||158.6
13101||185.84
13102||72.09
13120||166.62
13121||241.91
13122||83.84
13131||185.31
13132||363.13
13133||124.43
13151||234.44
13152||483.82
13153||136.71
13160||786.62
14000||321.48
14001||418.67
14020||363.13
14021||483.82
14040||483.82
14041||605.06
14060||605.06
14061||1062.72
14350||721.47
15050||227.5
15100||380.76
15101||72.62
15120||665.4
15121||121.22
15200||421.89
15201||110.0
15220||422.95
15221||160.21
15240||483.82
15241||213.61
15260||605.06
15261||267.01
15570||827.75
15572||785.02
15574||832.55
15576||453.39
15600||241.91
15610||267.01
15620||363.13
15630||363.13
15650||253.69
15734||1347.89
15736||1244.28
15738||1349.48
15740||725.75
15750||605.06
15756||2651.98
15757||2669.6
15758||2656.25
15760||605.06
15770||640.83
15780||650.97
15781||241.91
15782||241.91
15783||216.28
15786||92.39
15787||14.95
15788||163.95
15789||262.21
15792||114.81
15793||176.76
15820||640.83
15821||746.58
15822||483.82
15823||483.82
15840||1602.08
15841||1790.06
15842||1814.63
15845||1071.8
15851||60.35
15860||148.46
15920||363.13
15922||824.01
15931||544.17
15933||774.35
15934||972.47
15935||1193.55
15936||979.94
15937||1121.46
15940||707.59
15941||1001.83
15944||918.53
15945||1017.85
15946||1421.58
15950||594.37
15951||910.51
15952||909.98
15953||1137.48
15956||1167.39
15958||1203.16
16000||45.93
16020||45.4
16025||86.51
16030||116.95
16035||361.0
17000||100.12
17003||8.55
17004||207.2
17106||265.95
17107||453.39
17108||984.21
17110||143.12
17111||169.29
17250||28.83
17260||53.93
17261||63.01
17262||87.04
17263||98.8
17264||107.87
17266||129.77
17270||68.89
17271||81.7
17272||97.19
17273||114.81
17274||144.19
17276||178.9
17280||63.01
17281||94.53
17282||113.22
17283||146.85
17284||191.72
17286||248.85
17340||53.4
17360||73.17
19000||50.2
19001||29.91
19020||249.93
19030||277.7
19100||108.94
19101||295.31
19110||550.58
19112||489.7
19120||302.26
19125||344.99
19126||173.03
19318||1425.85
19325||961.25
19328||463.0
19330||614.14
19340||747.64
19342||725.75
19350||959.11
19357||1016.79
19364||2449.58
19367||1512.36
19368||2104.06
19369||2474.15
19370||363.13
19371||605.06
19380||734.81
19396||308.67
20100||501.45
20101||160.74
20102||194.39
20103||261.13
20150||1055.23
20200||77.97
20205||156.46
20206||94.53
20220||122.3
20225||213.61
20240||181.57
20245||302.26
20250||415.47
20251||518.0
20500||152.2
20501||320.42
20520||161.27
20525||416.0
20550||65.68
20600||46.46
20605||54.46
20610||65.68
20615||241.91
20650||149.52
20660||181.57
20661||283.57
20662||278.23
20663||241.91
20664||512.14
20665||87.58
20670||166.09
20680||217.89
20690||241.91
20692||381.29
20693||403.73
20694||287.84
20802||3307.22
20805||4556.31
20808||5051.9
20822||2737.95
20824||3363.84
20827||2938.21
20838||3664.49
20900||276.62
20902||391.98
20910||303.86
20912||640.83
20920||260.6
20922||403.73
20924||624.28
20931||120.16
20937||185.84
20938||200.26
20955||3326.46
20956||2858.11
20957||2803.1
20962||3266.11
20969||3437.54
20970||3536.33
20972||3188.67
20973||3657.55
20974||59.81
20979||15.49
21010||605.06
21015||708.12
21025||424.55
21029||640.83
21030||288.9
21031||298.53
21032||297.45
21034||638.16
21040||267.01
21044||487.57
21045||1212.77
21050||1005.57
21060||961.25
21070||605.06
21100||219.49
21110||474.74
21116||196.53
21120||1068.05
21121||961.25
21122||1068.05
21123||1068.05
21127||1367.11
21137||961.25
21138||1174.86
21139||1174.86
21141||1491.0
21142||1546.01
21143||1607.42
21145||1330.79
21146||1458.43
21147||1602.08
21150||1765.49
21151||1451.48
21154||1572.7
21155||1572.7
21159||1935.32
21160||1935.32
21172||1935.32
21175||2116.89
21179||1803.41
21180||1814.63
21181||1068.05
21182||2116.89
21183||2116.89
21184||2116.89
21188||1747.34
21193||1281.67
21194||1602.08
21195||1330.79
21196||1495.28
21198||635.5
21206||1602.08
21208||888.63
21209||684.62
21210||1068.05
21215||1068.05
21230||961.25
21235||725.75
21240||1267.78
21242||1194.08
21243||1692.86
21244||1128.4
21245||1139.62
21246||1023.73
21247||1776.71
21248||914.79
21249||1453.62
21255||1602.08
21256||1602.08
21260||1133.74
21261||2382.83
21263||2231.7
21267||2057.07
21268||2280.83
21270||845.36
21275||1279.53
21280||561.8
21282||553.25
21295||331.63
21296||462.46
21315||113.75
21320||181.57
21325||241.91
21330||507.33
21335||907.85
21336||340.71
21337||187.45
21338||691.57
21339||795.7
21340||1063.25
21343||1166.31
21344||1023.2
21345||423.48
21346||725.75
21347||1397.02
21348||668.07
21355||184.78
21356||396.25
21360||423.48
21365||786.09
21366||796.24
21385||725.75
21386||725.75
21387||725.75
21390||846.97
21395||1018.4
21400||291.58
21401||375.43
21406||749.24
21407||747.64
21408||675.01
21421||423.48
21422||700.65
21423||756.72
21431||423.48
21432||725.75
21433||1914.49
21435||1375.88
21436||1541.21
21440||190.65
21445||302.26
21451||543.64
21452||477.43
21453||483.82
21454||530.28
21461||854.44
21462||866.72
21465||725.75
21470||1362.68
21480||101.47
21485||351.38
21490||976.2
21497||382.37
21501||366.35
21502||370.62
21510||626.42
21550||106.81
21555||474.74
21556||572.48
21557||959.64
21600||390.37
21610||640.3
21615||913.73
21616||985.82
21620||803.18
21627||1050.43
21630||1737.72
21632||1598.88
21700||605.06
21705||725.75
21720||483.82
21725||544.17
21740||1546.54
21750||1163.64
21820||166.09
21825||904.1
21920||110.0
21925||386.1
21930||532.42
21935||1198.36
22100||688.9
22101||712.93
22102||548.97
22103||170.35
22110||889.69
22112||896.63
22114||775.41
22116||167.68
22210||1503.28
22212||1483.0
22214||1392.75
22216||440.05
22220||1527.85
22222||1369.78
22224||1453.62
22226||436.83
22310||196.53
22315||570.88
22318||1400.75
22319||1583.92
22325||1040.81
22326||1451.48
22327||1451.48
22328||336.97
22505||149.52
22548||1962.55
22554||1554.01
22556||1842.4
22558||1735.05
22585||405.86
22590||1712.63
22595||1613.83
22600||1371.39
22610||1353.76
22612||1710.49
22614||469.94
22630||1613.3
22632||381.82
22800||1484.06
22802||2423.95
22804||2632.76
22808||1805.01
22810||1959.88
22812||2371.08
22818||2467.21
22819||2766.8
22830||959.11
22840||527.62
22842||587.96
22843||733.75
22844||896.63
22845||513.2
22846||677.68
22847||752.44
22848||490.77
22849||1030.67
22850||761.52
22852||766.33
22855||689.96
22900||579.43
23000||363.13
23020||665.4
23030||402.65
23031||198.66
23035||1093.69
23040||665.4
23044||665.4
23065||120.69
23066||267.54
23075||173.56
23076||701.18
23077||1343.62
23100||640.3
23101||619.47
23105||886.49
23106||886.49
23107||665.4
23120||514.26
23125||887.55
23130||514.26
23140||364.21
23145||544.17
23146||544.17
23150||574.61
23155||756.19
23156||756.19
23170||402.12
23172||383.43
23174||871.0
23180||556.99
23182||592.24
23184||581.55
23190||423.48
23195||919.06
23200||1195.16
23210||1186.61
23220||1360.7
23330||160.21
23350||247.25
23395||1354.83
23397||1374.05
23400||1291.28
23405||459.8
23406||536.7
23410||846.97
23412||846.97
23415||482.76
23420||1088.88
23430||725.75
23440||725.75
23450||1028.01
23455||1149.23
23460||1209.57
23462||1209.57
23465||1028.01
23466||1248.03
23470||1209.57
23473||1945.46
23474||2099.26
23480||605.06
23485||786.09
23490||1111.32
23491||1314.24
23500||133.3
23505||216.81
23515||544.17
23520||256.33
23525||204.53
23530||605.06
23532||702.24
23540||275.56
23545||189.04
23550||685.69
23552||769.0
23570||137.4
23575||232.83
23585||725.75
23600||197.56
23605||309.73
23615||725.75
23616||1683.25
23620||328.97
23625||302.26
23630||695.3
23650||201.2
23655||210.41
23660||685.69
23665||279.29
23670||725.75
23675||341.24
23680||846.97
23700||138.32
23800||1209.57
23802||1209.57
23900||1451.48
23920||1088.88
23921||483.82
23930||232.83
23931||163.41
23935||777.55
24000||534.03
24006||579.96
24065||174.62
24066||315.61
24075||483.82
24076||483.82
24100||534.03
24101||575.15
24102||747.64
24105||290.51
24110||574.61
24115||756.19
24116||756.19
24120||483.82
24125||605.06
24126||605.06
24130||483.82
24134||1116.65
24136||690.49
24138||755.64
24140||589.57
24145||436.3
24147||427.22
24149||1167.39
24150||1306.77
24152||904.65
24155||968.72
24160||399.45
24164||307.06
24200||158.6
24201||550.05
24220||293.18
24301||879.55
24305||399.45
24310||324.69
24320||960.72
24330||483.82
24331||483.82
24340||747.64
24341||645.11
24342||900.37
24360||1014.65
24361||1227.73
24365||771.13
24366||665.4
24370||1843.99
24371||2121.16
24400||725.75
24410||846.97
24420||1052.56
24430||1028.01
24435||1209.57
24470||423.48
24495||832.55
24498||1099.02
24500||253.75
24505||386.1
24515||665.4
24516||807.45
24530||285.42
24535||431.5
24538||605.06
24545||605.06
24546||948.97
24560||238.1
24565||372.76
24566||457.66
24575||544.17
24576||434.69
24577||386.1
24579||544.17
24582||500.39
24586||1197.82
24587||1261.9
24600||318.05
24605||248.32
24615||725.75
24620||328.42
24635||826.14
24640||162.88
24650||214.17
24655||331.63
24665||483.82
24666||665.4
24670||221.67
24675||343.91
24685||483.82
24800||931.34
24802||967.66
24900||605.06
24920||544.17
24925||374.88
24930||605.06
24931||804.24
24935||1363.37
25000||265.95
25020||714.53
25023||696.37
25024||829.34
25025||1336.67
25028||653.66
25031||587.96
25035||519.61
25040||378.62
25065||111.08
25066||272.35
25071||503.59
25073||630.15
25075||471.01
25076||246.37
25077||1068.58
25085||483.82
25100||302.26
25101||411.2
25105||483.82
25107||453.39
25110||272.89
25111||302.26
25112||302.26
25115||605.06
25116||605.06
25118||534.03
25119||605.06
25120||456.05
25125||605.06
25126||605.06
25130||302.26
25135||423.48
25136||423.48
25145||865.13
25150||430.97
25151||506.79
25170||1287.0
25210||423.48
25215||605.06
25230||302.26
25240||363.13
25246||261.13
25248||668.07
25250||423.48
25251||557.52
25260||536.16
25263||566.6
25265||804.24
25270||466.74
25272||506.26
25274||574.08
25280||500.39
25290||488.1
25295||479.02
25300||483.82
25301||483.82
25310||574.61
25312||616.26
25315||725.75
25316||1645.87
25320||992.22
25332||1115.05
25335||1183.94
25337||569.27
25350||605.06
25355||725.75
25360||605.06
25365||846.97
25370||725.75
25375||1088.88
25390||665.4
25391||834.68
25392||931.34
25393||1052.56
25400||846.97
25405||1028.01
25415||1209.57
25420||1391.14
25425||886.49
25426||1052.56
25440||846.97
25441||1211.18
25442||553.25
25443||580.49
25444||580.49
25445||580.49
25446||1433.32
25447||958.05
25449||1425.32
25450||493.45
25455||515.87
25490||1179.66
25491||1189.28
25492||1411.97
25500||212.38
25505||361.0
25515||483.82
25520||464.6
25525||903.57
25526||960.72
25530||204.4
25535||354.6
25545||483.82
25560||213.68
25565||381.29
25574||689.43
25575||725.75
25600||225.75
25605||389.31
25622||224.3
25624||338.58
25628||795.16
25630||234.74
25635||330.56
25645||380.23
25650||445.91
25660||240.85
25670||483.82
25675||329.5
25676||483.82
25680||363.13
25685||725.75
25690||332.69
25695||501.98
25800||725.75
25805||1033.87
25810||965.52
25820||725.75
25825||871.53
25830||599.71
25900||544.17
25905||563.93
25907||526.55
25909||552.72
25915||1692.33
25920||483.82
25922||393.04
25924||483.82
25927||605.06
25929||382.9
25931||605.06
26010||150.07
26011||203.47
26020||367.41
26025||373.29
26030||777.01
26034||455.52
26035||1173.8
26037||445.38
26040||325.22
26045||414.94
26055||302.26
26060||226.43
26070||322.02
26075||336.97
26080||362.07
26100||302.26
26105||346.58
26110||327.36
26115||255.27
26116||411.73
26117||985.28
26118||1259.78
26121||503.59
26123||605.06
26125||302.26
26130||605.06
26135||515.87
26140||473.15
26145||605.06
26160||235.5
26170||300.12
26180||317.22
26185||406.39
26200||414.4
26205||497.71
26210||410.14
26215||477.43
26230||427.22
26235||409.06
26236||381.29
26250||725.75
26260||605.06
26262||605.06
26320||423.48
26340||328.97
26341||91.07
26350||539.91
26352||834.68
26356||621.61
26357||633.36
26358||858.72
26370||582.09
26372||834.68
26373||606.65
26390||569.27
26392||774.35
26410||428.28
26412||504.65
26415||1016.26
26416||806.92
26418||420.28
26420||572.48
26426||484.9
26428||665.4
26432||359.4
26433||727.34
26434||435.77
26437||795.16
26440||488.1
26442||607.73
26445||464.6
26449||1027.48
26450||261.13
26455||302.26
26460||246.72
26471||423.48
26474||411.2
26476||483.82
26477||483.82
26478||483.82
26479||483.82
26480||550.05
26483||665.4
26485||616.81
26489||665.4
26490||574.61
26492||665.4
26494||725.75
26496||1124.12
26497||605.06
26498||907.32
26499||605.06
26500||443.24
26502||483.82
26508||501.98
26510||851.78
26516||476.88
26517||634.95
26518||756.19
26520||495.04
26525||498.78
26530||581.02
26531||608.79
26535||483.82
26536||580.49
26540||605.06
26541||713.46
26542||605.06
26545||483.82
26546||748.7
26548||531.36
26550||1764.96
26551||3534.19
26553||3496.28
26554||4083.18
26555||1741.46
26556||3700.28
26560||574.61
26561||725.75
26562||1086.74
26565||483.82
26567||463.54
26568||1209.04
26580||1523.05
26590||1581.25
26593||801.04
26600||199.14
26605||262.74
26607||583.16
26608||334.83
26615||423.48
26641||296.92
26645||330.03
26650||363.13
26665||605.06
26670||288.9
26675||317.75
26676||331.63
26685||365.82
26686||748.7
26700||199.73
26705||292.12
26706||255.8
26715||363.13
26720||105.69
26725||194.39
26727||312.94
26735||328.97
26740||127.1
26742||308.67
26746||323.61
26750||117.41
26755||183.7
26756||523.89
26765||259.01
26770||178.9
26775||276.62
26776||296.92
26785||260.6
26820||605.06
26841||485.43
26842||605.06
26843||516.94
26844||605.06
26850||472.08
26852||541.5
26860||380.76
26861||133.51
26862||506.26
26863||181.57
26910||487.57
26951||374.88
26952||445.91
26990||968.72
26991||429.89
26992||1392.21
27000||306.0
27001||358.33
27003||483.82
27005||473.68
27006||484.37
27025||605.06
27027||931.87
27030||846.97
27033||846.97
27035||1028.01
27036||1056.84
27040||195.98
27041||435.77
27047||736.95
27048||629.08
27049||1201.02
27050||363.13
27052||747.64
27054||1068.05
27060||302.26
27062||294.78
27065||339.11
27066||574.61
27067||1345.75
27070||669.66
27071||725.75
27075||1563.63
27076||1893.67
27077||2019.69
27078||1313.18
27080||363.13
27086||154.87
27087||773.8
27090||846.97
27091||969.25
27093||288.9
27095||296.39
27096||421.34
27097||857.11
27098||866.19
27100||907.32
27105||967.66
27110||1088.88
27111||1003.97
27120||1451.48
27122||1209.57
27125||1495.28
27130||2136.11
27134||2295.26
27137||1775.64
27140||725.75
27146||1451.48
27147||1702.48
27151||1518.77
27156||1814.63
27161||1209.57
27165||1451.48
27170||1362.31
27175||754.58
27176||1174.86
27177||1201.02
27178||1174.86
27179||967.66
27181||1281.67
27185||427.22
27187||1214.91
27200||208.27
27202||1411.44
27215||911.59
27216||667.0
27217||1045.09
27218||1173.8
27220||608.26
27222||556.99
27226||1164.72
27227||1401.82
27228||1483.0
27232||574.61
27235||1174.86
27236||1294.49
27238||351.3
27240||574.61
27244||1209.57
27245||1339.87
27246||530.83
27248||494.51
27250||316.93
27252||452.85
27253||1028.01
27254||1451.48
27256||214.83
27257||238.18
27258||1028.01
27259||1763.35
27265||499.31
27266||661.66
27275||132.44
27280||846.97
27282||1091.02
27284||1385.8
27286||1488.33
27290||1754.29
27295||1451.48
27301||505.2
27303||991.16
27305||363.13
27306||281.96
27307||320.95
27310||725.75
27323||180.5
27324||277.15
27327||551.66
27328||554.32
27329||1280.06
27330||640.83
27331||640.83
27332||751.38
27333||747.64
27334||907.85
27335||926.54
27340||302.26
27345||483.82
27347||394.12
27350||725.75
27355||665.4
27356||665.4
27357||846.97
27358||241.91
27360||666.47
27364||1842.93
27365||1473.92
27372||342.31
27380||665.4
27381||998.1
27385||738.03
27386||969.25
27390||363.13
27391||483.82
27392||725.75
27393||363.13
27394||483.82
27395||725.75
27396||854.44
27397||967.66
27400||869.39
27403||774.88
27405||826.67
27407||933.48
27409||1088.88
27418||967.66
27420||876.33
27422||887.02
27424||907.85
27425||483.82
27428||1220.79
27429||1376.72
27430||868.33
27435||846.97
27437||801.04
27438||1080.33
27440||907.32
27441||1068.05
27442||1281.67
27443||1114.51
27447||2136.11
27448||1020.53
27450||1149.23
27454||1209.57
27455||725.75
27457||846.97
27465||1209.57
27466||1475.51
27468||2136.11
27470||1209.57
27472||1391.14
27475||791.96
27477||900.9
27479||1082.47
27485||665.4
27487||2049.07
27488||1209.57
27496||367.41
27497||448.58
27498||511.59
27499||589.57
27500||495.05
27501||514.26
27502||513.2
27503||669.66
27506||1149.23
27507||1160.44
27508||369.01
27509||420.28
27510||483.82
27511||1148.7
27513||1294.49
27514||1209.57
27516||708.65
27517||471.54
27519||1003.97
27520||253.2
27524||725.75
27530||288.8
27532||358.87
27535||851.78
27536||846.97
27538||650.97
27540||846.97
27550||369.17
27552||377.02
27556||907.32
27557||907.32
27558||1233.07
27560||289.45
27562||273.43
27566||725.75
27570||111.61
27580||1209.57
27590||876.88
27591||1209.57
27592||846.97
27594||378.62
27596||1013.59
27598||846.97
27600||331.63
27601||622.14
27602||423.48
27603||859.78
27604||335.91
27605||253.13
27606||313.47
27607||586.9
27610||544.17
27612||605.06
27613||191.18
27614||376.49
27615||1240.54
27618||712.93
27619||529.22
27620||544.17
27625||725.75
27626||786.09
27630||371.68
27635||605.06
27637||786.09
27638||665.4
27640||725.75
27641||725.75
27645||1451.48
27646||1336.13
27647||1047.23
27648||229.63
27650||665.4
27652||846.97
27654||846.97
27656||411.2
27658||413.87
27659||483.82
27664||349.25
27665||453.39
27675||399.45
27676||417.61
27680||316.14
27681||363.13
27685||423.48
27686||423.48
27687||471.54
27690||483.82
27691||605.06
27692||121.22
27695||605.06
27696||799.43
27698||838.42
27700||796.24
27702||1330.79
27703||1312.63
27704||741.23
27705||725.75
27707||423.48
27709||846.97
27712||1088.88
27715||1292.88
27720||1088.88
27722||1099.02
27724||1330.79
27727||1245.35
27730||725.75
27732||467.8
27734||782.35
27740||1088.88
27742||1190.88
27745||1010.38
27750||265.35
27752||390.9
27756||725.75
27758||786.09
27759||1036.01
27760||253.79
27762||361.54
27766||544.17
27780||187.0
27781||601.85
27784||483.82
27786||249.47
27788||316.67
27792||544.17
27808||504.65
27810||359.4
27814||725.75
27816||262.45
27818||373.82
27822||1126.79
27823||1205.3
27824||272.35
27825||473.68
27826||1065.92
27827||1296.61
27828||1384.73
27829||783.96
27830||531.89
27831||452.32
27832||483.82
27840||244.31
27842||274.49
27846||725.75
27848||971.94
27860||134.58
27870||1028.01
27871||891.29
27880||725.75
27881||804.24
27882||634.95
27884||837.36
27886||890.76
27888||725.75
27889||725.75
27892||371.68
27893||363.13
27894||483.82
28001||176.76
28002||295.84
28003||799.43
28005||818.12
28008||263.81
28010||212.55
28011||277.15
28020||363.13
28022||272.89
28024||268.08
28035||532.42
28043||433.1
28046||946.3
28050||363.13
28052||241.38
28054||229.63
28060||363.13
28062||693.17
28070||363.13
28072||287.84
28080||235.5
28086||423.48
28088||332.69
28090||263.81
28092||261.68
28100||363.68
28102||423.48
28103||504.12
28104||295.31
28106||340.18
28107||567.13
28108||244.05
28110||269.15
28111||471.54
28112||285.17
28113||291.58
28114||725.75
28116||423.48
28118||423.48
28119||423.48
28120||397.31
28122||396.78
28124||299.59
28126||241.38
28130||605.06
28140||363.13
28150||268.62
28153||459.8
28160||251.52
28171||806.92
28173||820.81
28175||618.4
28190||177.84
28192||526.02
28193||313.47
28200||363.13
28202||483.82
28208||262.74
28210||360.46
28220||302.26
28222||363.13
28225||235.5
28226||262.74
28230||258.46
28232||240.85
28234||244.05
28238||471.54
28240||257.93
28250||363.13
28260||532.42
28261||605.06
28262||931.34
28264||725.75
28270||283.04
28272||237.64
28280||295.31
28285||290.51
28286||276.62
28288||288.37
28289||458.19
28292||423.48
28296||574.61
28297||574.61
28298||423.48
28299||792.49
28300||574.61
28302||543.11
28304||483.82
28305||612.0
28306||423.48
28307||666.47
28308||338.58
28309||1055.78
28310||308.67
28312||280.9
28313||571.94
28315||273.43
28320||848.03
28322||389.84
28340||683.02
28341||769.0
28344||459.27
28345||593.84
28360||1280.06
28400||232.23
28405||600.25
28406||652.05
28415||1319.58
28420||1340.4
28430||411.73
28435||259.54
28436||566.6
28445||605.06
28450||207.16
28455||208.81
28456||192.78
28465||704.38
28470||198.89
28475||222.16
28476||225.36
28485||673.41
28490||81.85
28495||94.53
28496||228.03
28505||552.72
28510||75.26
28515||88.65
28525||502.51
28530||237.11
28531||397.31
28540||158.07
28545||153.27
28546||202.92
28555||409.59
28570||169.82
28575||178.37
28576||251.52
28585||605.06
28600||187.98
28605||221.61
28606||467.27
28615||813.32
28630||87.58
28635||121.22
28636||213.08
28645||302.79
28660||128.69
28665||128.69
28666||281.96
28675||359.93
28705||1103.83
28715||857.64
28725||605.06
28730||665.4
28735||846.97
28737||544.17
28740||544.17
28750||429.36
28755||294.78
28760||374.88
28800||605.06
28805||605.06
28810||363.13
28820||327.36
28825||290.51
29000||310.81
29010||306.0
29015||288.9
29035||351.38
29040||275.56
29044||437.36
29046||444.85
29049||173.56
29055||289.45
29058||198.12
29065||132.97
29075||118.55
29085||119.63
29105||95.06
29125||75.84
29126||92.39
29130||32.04
29131||48.07
29200||50.2
29240||51.27
29260||40.58
29280||74.76
29305||355.13
29325||294.25
29345||174.09
29355||183.7
29358||197.59
29365||147.93
29405||122.3
29425||120.16
29435||187.45
29440||72.62
29445||195.98
29450||98.26
29505||98.8
29515||81.17
29520||43.26
29530||42.72
29540||25.1
29550||24.03
29580||38.99
29700||32.58
29705||41.65
29710||71.03
29720||129.24
29730||40.58
29740||104.67
29750||89.18
29826||605.06
29830||554.85
29834||589.57
29840||383.43
29843||521.75
29844||537.77
29845||653.66
29846||771.13
29847||618.94
29848||359.4
29850||692.1
29851||915.32
29855||915.32
29856||980.47
29860||560.74
29861||815.99
29862||869.93
29863||840.56
29870||399.45
29871||483.82
29874||654.19
29875||640.83
29876||747.64
29877||684.62
29879||733.75
29880||790.35
29881||790.35
29882||801.04
29883||836.81
29884||827.75
29885||886.49
29886||718.26
29887||886.49
29888||967.66
29889||967.66
29891||778.61
29892||812.79
29893||452.32
29894||605.06
30000||89.18
30020||94.53
30100||51.8
30110||97.73
30115||241.91
30117||325.75
30118||895.02
30120||534.03
30124||152.2
30125||698.51
30130||171.96
30140||342.31
30150||859.78
30160||901.97
30200||45.4
30210||71.03
30220||91.31
30300||80.64
30310||121.22
30320||477.96
30400||725.75
30410||1058.44
30420||1209.57
30430||337.5
30435||1060.58
30450||1477.65
30460||716.12
30462||1432.26
30465||1008.24
30520||534.03
30540||613.06
30545||1068.05
30560||80.64
30580||534.03
30600||472.08
30620||543.64
30630||700.12
30801||82.23
30802||117.49
30901||78.5
30903||94.53
30905||150.6
30906||170.35
30915||605.06
30920||924.4
30930||108.94
31000||79.04
31002||92.39
31020||181.57
31030||640.83
31032||640.83
31040||728.42
31050||587.43
31051||609.86
31070||534.03
31075||854.44
31080||1281.67
31081||1281.67
31084||1281.67
31085||1281.67
31086||1157.23
31087||1173.25
31090||1388.47
31200||363.13
31201||385.57
31205||786.09
31225||1451.48
31230||1451.48
31231||70.49
31233||119.63
31235||209.87
31237||146.85
31238||249.93
31239||650.97
31240||189.58
31254||342.85
31255||514.26
31256||242.99
31267||372.21
31276||484.37
31287||289.45
31288||338.05
31290||984.21
31291||1033.87
31292||797.84
31293||874.21
31294||1000.24
31300||967.66
31360||1572.7
31365||2056.54
31367||1572.7
31368||2056.54
31370||1814.63
31375||1209.57
31380||1209.57
31382||1209.57
31390||2908.85
31395||2875.74
31400||1113.98
31420||967.66
31500||84.92
31505||84.92
31510||107.87
31511||119.08
31512||115.35
31513||188.51
31515||100.92
31520||145.26
31525||241.91
31527||373.82
31528||320.42
31529||267.01
31530||320.42
31531||265.95
31535||320.42
31536||384.51
31540||320.42
31541||384.51
31560||801.04
31561||1163.11
31570||360.46
31575||110.55
31577||217.89
31579||225.36
31580||1226.13
31584||1727.58
31587||1394.35
31590||952.7
31600||288.37
31601||320.42
31603||152.73
31605||288.37
31610||471.01
31611||961.25
31612||106.81
31613||322.55
31614||453.93
31615||243.52
31622||236.58
31623||303.33
31624||306.0
31625||288.9
31628||302.26
31629||267.01
31630||320.42
31631||277.7
31635||299.06
31640||302.26
31641||302.26
31643||257.93
31645||213.61
31646||157.01
31717||335.36
31720||72.62
31725||63.54
31730||208.81
31750||689.43
31755||1765.49
31760||1714.22
31766||2496.57
31770||1856.82
31775||2113.67
31780||1492.61
31781||1609.02
31785||1602.08
31786||1814.63
31800||675.55
31805||1282.2
31820||297.45
31825||420.81
31830||363.13
32035||605.06
32036||605.06
32100||725.75
32110||967.66
32120||967.66
32124||846.97
32140||967.66
32141||967.66
32150||846.97
32151||846.97
32160||801.57
32200||846.97
32215||618.94
32220||1209.57
32225||846.97
32310||1209.57
32320||1609.02
32400||192.25
32440||1766.03
32442||1291.28
32445||1979.1
32480||1534.79
32482||1098.49
32484||1124.66
32486||1191.94
32488||1276.33
32501||309.73
32540||1209.57
32601||264.88
32604||382.9
32606||364.21
32650||560.19
32651||740.16
32652||1026.4
32653||694.77
32654||711.86
32655||803.18
32656||789.29
32658||766.33
32659||784.49
32661||674.47
32662||933.48
32663||1070.19
32664||735.36
32665||892.9
32800||1298.22
32810||1234.67
32815||2047.46
32820||1967.35
32852||3331.26
32853||3830.05
32854||4045.78
32900||901.97
32905||1817.3
32906||2152.66
32940||872.07
32960||93.98
33020||1109.71
33025||1111.32
33030||1683.25
33031||1936.91
33050||1003.97
33120||2670.14
33130||1258.17
33202||961.02
33203||987.71
33206||1068.05
33207||1068.05
33208||1068.05
33210||373.82
33211||251.52
33212||423.48
33213||510.53
33214||569.27
33216||640.83
33217||450.72
33218||302.26
33220||423.48
33222||441.11
33223||529.75
33233||223.22
33234||381.82
33235||464.07
33236||648.31
33237||970.86
33238||1083.0
33240||550.58
33241||215.22
33243||1285.41
33244||783.41
33249||1283.8
33250||2196.45
33251||2359.86
33261||1775.64
33300||1451.48
33305||1754.29
33310||1451.48
33315||2136.11
33320||1003.97
33321||1773.51
33322||1754.29
33330||1754.29
33335||2474.15
33404||2747.56
33405||2776.94
33406||2640.76
33410||2124.89
33412||3162.51
33413||2614.06
33414||2240.25
33415||2007.94
33416||2007.94
33417||2007.94
33420||1708.89
33422||2207.67
33425||2776.94
33426||2776.94
33427||2733.68
33430||2776.94
33460||2670.14
33463||1846.66
33464||1978.04
33465||2776.94
33468||2709.65
33471||1614.36
33474||2670.14
33475||2092.32
33476||1974.29
33478||2371.08
33496||2428.22
33500||2135.05
33501||1564.7
33502||1935.32
33503||1754.29
33504||2670.14
33505||1938.52
33506||1938.52
33510||2599.1
33511||2859.72
33512||3114.99
33513||3369.71
33514||3622.84
33516||3877.57
33517||254.19
33518||508.93
33519||763.13
33521||1017.32
33522||1272.05
33523||1526.79
33530||828.28
33533||2685.08
33534||3019.38
33535||3353.15
33536||3687.99
33542||2813.26
33545||3352.62
33572||393.04
33600||2166.55
33602||2092.32
33606||2240.25
33608||2293.65
33610||2240.25
33611||2386.04
33612||2452.25
33615||2332.64
33617||2460.27
33619||2705.91
33641||2456.52
33645||2007.94
33660||2670.14
33665||2497.1
33670||2659.45
33681||2007.94
33684||2482.69
33688||2242.91
33690||1451.48
33692||2670.14
33694||2670.14
33697||2460.27
33702||2670.14
33710||2670.14
33720||2319.28
33730||2670.14
33732||2070.43
33735||1814.63
33736||1522.52
33737||2029.3
33750||1642.66
33755||1607.42
33762||1657.62
33764||1702.48
33766||1814.63
33767||1789.53
33770||2447.44
33771||2384.96
33774||2511.53
33775||2659.45
33776||2782.28
33777||2782.28
33778||2848.5
33779||2835.68
33780||3011.91
33781||3011.91
33786||2659.45
33788||1754.29
33800||1315.3
33802||1209.57
33803||1503.28
33813||1451.48
33814||2670.14
33820||1003.97
33822||1356.96
33824||1922.5
33840||2136.11
33845||2007.94
33851||2115.81
33852||2007.94
33853||2315.54
33863||2908.32
33875||2509.93
33877||3324.85
33910||2056.54
33915||1586.06
33916||2056.54
33917||1789.53
33920||2350.25
33922||1719.03
33924||370.62
33935||4903.97
33968||38.46
33970||667.54
33971||943.09
33973||659.52
33974||767.93
33975||1491.0
33976||2014.89
33977||1303.55
33978||1491.0
34001||846.97
34051||846.97
34101||747.64
34111||747.64
34151||1178.6
34201||747.64
34203||846.97
34401||725.75
34421||725.75
34451||1068.05
34471||886.49
34490||886.49
34501||934.01
34502||1877.64
34510||1149.76
34520||1068.05
34530||907.32
35001||1495.28
35002||1573.78
35005||1334.54
35021||1602.08
35022||1803.41
35081||2136.11
35082||2310.73
35091||2153.19
35092||2875.74
35102||2136.11
35103||2403.12
35111||1281.67
35112||1433.87
35121||1800.2
35122||2460.8
35131||1708.89
35132||1706.22
35141||1495.28
35142||2538.76
35151||1495.28
35152||1335.07
35180||1495.28
35182||1304.1
35188||1126.79
35189||1417.3
35190||914.79
35201||1495.28
35206||735.89
35207||874.74
35211||1948.66
35216||1571.11
35221||1815.69
35226||763.13
35231||1495.28
35236||1495.28
35241||2538.76
35246||2041.05
35251||1207.43
35256||1708.89
35261||1708.89
35266||796.24
35271||1948.13
35276||1931.58
35281||1815.69
35286||1495.28
35301||1602.08
35311||1755.35
35321||1602.08
35331||2136.11
35341||2136.11
35351||1708.89
35355||1708.89
35361||1708.89
35363||1712.09
35371||1495.28
35372||1495.28
35390||210.41
35400||201.86
35501||1602.08
35506||1602.08
35508||1708.89
35509||1708.89
35511||1196.22
35515||1304.1
35516||1602.08
35518||1602.08
35521||1602.08
35526||1708.89
35531||1765.49
35533||1610.09
35536||1708.89
35556||1520.38
35558||1495.28
35560||1708.89
35563||1708.89
35565||1602.08
35566||1609.02
35571||1708.89
35583||1609.02
35585||2056.54
35587||1708.89
35601||1345.21
35606||1312.1
35612||1118.26
35616||1602.08
35621||1602.08
35623||1026.4
35626||1708.89
35631||1708.89
35636||1708.89
35642||1238.95
35645||1238.95
35646||1796.47
35650||1602.08
35654||2136.11
35656||1155.09
35661||1019.99
35663||1281.67
35666||1258.17
35671||1388.47
35681||273.43
35682||539.36
35683||620.54
35691||1471.78
35693||1032.28
35694||1189.81
35695||1189.81
35700||205.61
35701||534.03
35800||569.27
35820||874.21
35840||721.47
35860||445.91
35870||1563.09
35875||416.54
35876||927.07
35879||929.74
35881||1017.32
35901||658.46
35903||711.86
35905||1024.79
35907||1054.7
36000||37.38
36005||412.28
36010||121.22
36011||115.89
36012||162.88
36013||115.89
36014||139.38
36015||162.88
36100||267.01
36140||121.22
36160||160.21
36200||213.61
36215||258.46
36216||314.0
36217||377.02
36218||61.95
36245||291.04
36246||349.25
36247||415.47
36248||66.23
36260||854.44
36261||387.17
36262||320.42
36400||24.03
36405||25.63
36406||33.64
36410||15.49
36420||60.35
36425||85.98
36440||50.73
36455||166.09
36470||96.66
36471||119.63
36481||417.61
36500||163.41
36510||36.85
36600||18.16
36620||60.35
36625||84.92
36640||121.22
36660||45.4
36680||74.76
36800||181.57
36810||480.62
36815||320.42
36819||780.21
36821||623.2
36825||886.49
36830||834.68
36831||506.26
36832||886.49
36833||782.35
36835||886.49
37140||1708.89
37145||1708.89
37160||1708.89
37180||1708.89
37181||1770.84
37195||356.19
37200||197.59
37565||379.15
37600||534.03
37605||534.03
37606||534.03
37607||390.9
37609||216.81
37617||1108.63
37650||747.64
37660||854.44
37700||290.51
37735||641.36
37760||605.06
37780||175.7
37785||270.21
38100||876.88
38101||964.45
38102||296.39
38115||967.66
38120||774.35
38200||121.22
38230||317.22
38300||134.58
38305||306.89
38308||463.54
38380||605.06
38381||1190.88
38382||1068.05
38500||137.77
38505||101.47
38510||207.2
38520||302.26
38525||212.0
38530||423.48
38542||363.13
38550||363.13
38555||901.43
38564||869.93
38570||549.52
38571||691.04
38572||861.92
38700||725.75
38720||1149.23
38724||1149.23
38740||483.82
38745||747.64
38746||270.76
38747||301.73
38760||483.82
38765||1205.83
38770||915.32
38780||1495.28
38790||648.84
38794||241.91
39000||410.14
39010||725.75
39200||1088.88
39220||1088.88
39501||1025.34
39503||1330.79
39540||1057.12
39541||1028.01
39545||1238.95
39560||783.96
39561||1070.19
40490||69.42
40500||560.74
40510||560.74
40520||363.13
40527||802.1
40530||363.13
40650||381.82
40652||463.0
40654||538.3
40700||967.66
40701||1209.57
40702||846.97
40720||967.66
40761||1364.98
40800||71.03
40801||220.02
40804||87.58
40805||134.04
40808||67.82
40812||123.36
40814||340.18
40816||363.13
40818||289.45
40819||261.68
40820||83.31
40830||98.26
40831||219.49
40840||707.06
40842||706.51
40843||929.74
40844||1194.63
40845||1418.38
41000||82.23
41005||77.43
41006||317.75
41007||301.2
41008||314.0
41009||328.97
41015||192.25
41016||352.46
41017||363.13
41018||440.05
41100||97.19
41105||86.51
41108||139.38
41110||191.72
41112||274.49
41114||668.07
41116||256.33
41120||483.82
41130||725.75
41135||1572.7
41140||1088.88
41145||1572.7
41150||1581.25
41153||2104.59
41155||2188.98
41250||107.34
41251||110.0
41252||274.49
41510||534.03
41800||71.56
41805||136.71
41806||236.04
41822||229.1
41823||311.34
41825||160.21
41826||224.83
41827||320.42
41828||283.57
41830||303.33
41872||246.72
41874||275.02
42000||83.31
42100||83.84
42104||173.56
42106||213.61
42107||396.25
42120||541.5
42140||116.42
42145||692.63
42160||108.41
42180||224.83
42182||306.0
42200||967.66
42205||1068.05
42210||1174.86
42215||854.44
42220||907.85
42225||907.85
42226||907.85
42227||907.85
42235||854.44
42260||779.68
42280||136.71
42281||161.27
42300||106.27
42305||587.96
42310||92.39
42320||127.1
42330||116.95
42335||165.01
42340||363.13
42400||72.09
42405||157.54
42408||390.9
42409||272.89
42410||417.08
42415||876.88
42420||1088.88
42425||725.75
42426||1665.09
42440||582.62
42450||332.69
42500||401.06
42505||554.85
42507||623.75
42510||677.68
42550||313.47
42600||490.77
42650||43.26
42660||56.07
42665||278.76
42700||104.67
42720||248.85
42725||878.47
42800||95.06
42804||89.72
42806||199.73
42808||283.04
42809||213.08
42810||241.91
42815||605.06
42820||241.91
42821||290.51
42825||241.91
42826||290.51
42830||169.29
42831||169.29
42835||169.29
42836||169.29
42842||739.09
42844||1266.72
42845||2099.26
42860||169.29
42870||290.51
42890||1072.33
42892||1276.33
42894||1984.45
42900||221.61
42950||372.76
42953||889.16
42955||693.7
42960||106.27
42961||481.69
42962||591.7
42970||221.08
42971||597.04
42972||652.58
43020||747.64
43030||747.64
43045||1149.23
43100||1014.65
43101||1149.23
43107||2431.95
43108||2818.07
43112||2493.91
43113||2861.86
43116||2687.22
43117||2633.82
43118||2774.8
43121||2391.37
43122||2391.37
43123||2774.8
43124||2323.03
43130||846.97
43135||1209.57
43200||241.91
43202||260.07
43204||400.53
43205||254.19
43215||320.42
43216||284.1
43217||204.0
43220||256.33
43226||256.33
43227||247.25
43235||321.48
43239||335.91
43243||437.91
43244||308.14
43245||347.12
43246||347.12
43247||366.35
43248||212.0
43249||319.89
43250||351.38
43255||412.81
43259||297.98
43260||443.24
43261||489.17
43262||531.36
43263||382.9
43264||550.58
43280||1149.23
43300||834.15
43305||1330.79
43310||1554.56
43312||1814.63
43320||1269.39
43325||1107.04
43330||1149.23
43331||1149.23
43340||1281.67
43341||1451.48
43351||846.97
43352||846.97
43360||2319.28
43361||2687.22
43400||1198.89
43405||1434.4
43410||999.71
43415||1149.23
43420||846.97
43425||1388.47
43450||66.76
43453||144.19
43460||131.91
43500||624.28
43501||1060.05
43502||1228.79
43510||784.49
43520||605.06
43605||648.84
43610||793.04
43611||955.91
43620||1556.68
43621||1585.53
43622||1680.06
43631||1343.07
43632||1339.87
43633||1367.64
43634||1784.72
43635||1121.46
43640||1028.01
43641||1140.15
43651||516.4
43652||620.01
43653||550.05
43761||113.75
43800||755.64
43810||789.82
43820||829.34
43825||1017.32
43830||694.24
43831||483.82
43832||856.58
43840||786.09
43842||1162.58
43843||1134.28
43846||1496.88
43847||1459.5
43860||1209.57
43865||1391.14
43870||640.83
43880||1476.59
44005||876.88
44010||774.88
44020||835.22
44021||864.05
44025||852.84
44050||802.65
44055||914.79
44100||160.21
44110||854.44
44111||879.55
44120||1002.37
44121||287.84
44125||846.97
44130||864.58
44139||144.19
44140||1088.88
44141||1354.83
44143||1258.17
44144||1209.57
44145||1451.48
44146||1657.09
44150||1572.7
44151||1555.62
44155||1814.63
44156||1772.98
44202||1378.33
44300||514.26
44310||876.88
44312||484.37
44314||948.43
44316||1372.45
44320||725.75
44322||1034.95
44340||245.12
44345||462.46
44346||931.34
44360||218.42
44361||256.33
44363||242.44
44364||291.04
44365||372.76
44366||336.97
44369||378.09
44372||343.91
44373||303.86
44376||362.07
44377||382.9
44378||499.31
44380||120.69
44382||156.46
44385||172.49
44386||174.62
44388||229.63
44389||259.54
44390||252.07
44391||332.16
44392||342.85
44394||445.38
44500||27.77
44602||752.97
44603||971.94
44604||981.55
44605||967.66
44615||812.26
44620||605.06
44625||846.97
44626||1486.2
44640||860.86
44650||846.97
44660||846.97
44661||1170.59
44680||1068.05
44700||1023.2
44800||605.06
44820||796.77
44850||694.24
44900||423.48
44950||574.61
44960||725.75
44970||391.98
45000||199.73
45005||181.57
45020||290.51
45100||241.91
45108||492.37
45110||1572.7
45111||1185.0
45112||1572.7
45113||1985.51
45114||1770.84
45116||1562.03
45119||1787.92
45120||1572.7
45121||1572.7
45123||1241.62
45126||2504.59
45130||876.88
45135||1388.47
45150||524.95
45160||993.82
45190||632.83
45300||51.8
45303||58.74
45305||72.62
45307||111.08
45308||140.99
45309||140.99
45315||134.04
45317||123.36
45320||144.19
45321||124.96
45330||78.5
45331||103.61
45332||134.58
45333||152.2
45334||176.76
45337||178.9
45338||205.61
45378||423.48
45379||527.08
45380||473.68
45382||595.98
45384||537.77
45385||574.08
45500||534.03
45505||587.43
45520||57.68
45540||961.25
45541||961.25
45550||1269.39
45562||938.81
45563||1481.39
45800||1068.05
45805||1174.86
45820||1068.05
45825||1209.04
45900||65.68
45905||216.28
45910||151.66
45915||295.31
46030||100.92
46040||256.33
46045||177.29
46050||114.28
46060||507.33
46070||134.58
46080||149.52
46083||273.96
46200||290.51
46220||71.56
46221||110.55
46230||167.15
46250||290.51
46255||423.48
46257||455.52
46258||477.43
46260||548.44
46261||597.57
46262||631.22
46270||215.75
46275||507.33
46280||558.05
46285||198.66
46288||428.83
46320||132.97
46500||104.67
46600||31.51
46604||56.6
46606||41.65
46608||154.87
46610||130.3
46611||109.47
46612||218.95
46614||171.43
46615||195.45
46700||527.62
46705||535.63
46716||725.75
46730||967.66
46735||1209.57
46740||1330.79
46742||2094.98
46744||2196.45
46746||2539.83
46748||2732.62
46750||598.12
46751||672.35
46753||503.06
46754||297.45
46760||439.5
46761||438.97
46900||130.83
46910||135.11
46916||127.63
46917||154.33
46922||136.71
46924||338.58
46940||242.99
46942||215.22
46945||147.38
46946||363.13
47000||241.38
47001||69.96
47010||790.9
47015||720.94
47100||585.82
47120||1149.23
47122||1334.54
47125||1405.02
47130||1335.07
47135||16246.01
47300||774.35
47350||846.97
47360||1258.17
47361||2098.2
47362||753.52
47400||1209.57
47420||1028.01
47425||1149.23
47460||1075.53
47480||714.53
47490||624.28
47550||158.6
47552||238.18
47553||347.12
47554||435.23
47555||331.1
47556||493.45
47562||668.6
47563||769.53
47564||943.09
47570||752.97
47600||827.2
47605||886.49
47610||1028.01
47620||1209.57
47700||876.88
47701||1930.5
47711||1377.25
47712||1740.93
47715||1163.11
47720||876.88
47721||1107.04
47740||967.66
47741||1353.76
47760||1209.57
47765||1663.49
47780||1330.79
47785||1829.05
47800||1209.57
47801||969.25
47802||1439.74
47900||1265.11
48000||786.09
48001||1115.58
48020||1068.05
48100||826.67
48102||543.11
48120||1008.77
48140||1209.57
48145||1330.79
48146||1716.89
48148||1218.12
48150||2056.54
48152||2563.86
48153||2694.16
48154||2563.86
48155||1815.69
48400||123.89
48500||876.88
48510||912.12
48520||985.28
48540||1149.23
48545||1052.03
48547||1520.38
49000||605.06
49010||605.06
49020||665.4
49040||725.75
49060||665.4
49062||834.15
49180||358.33
49215||848.56
49255||671.27
49320||335.91
49321||357.8
49322||372.21
49323||614.67
49400||60.35
49421||375.43
49422||451.25
49423||98.26
49424||51.27
49425||846.97
49426||730.01
49427||58.74
49428||153.27
49429||490.77
49495||458.19
49496||634.42
49500||373.82
49501||546.31
49505||493.45
49507||594.9
49520||605.06
49521||678.21
49525||552.19
49540||605.06
49550||538.3
49553||569.27
49555||582.62
49557||680.88
49600||574.61
49605||910.51
49606||1293.41
49610||725.75
49611||697.98
49650||379.7
49651||463.0
49900||480.09
49905||452.32
50010||886.49
50020||846.97
50040||1148.17
50045||1082.47
50060||1209.57
50065||1407.69
50070||1386.86
50075||1572.7
50080||810.65
50081||907.32
50100||1028.01
50120||1106.51
50125||1158.84
50130||1193.55
50135||1311.04
50200||101.47
50205||483.82
50220||1197.82
50225||1382.59
50230||1489.94
50234||1451.48
50236||1451.48
50240||1451.48
50280||1088.88
50290||1042.95
50320||1451.48
50340||1068.05
50360||1814.63
50365||2670.14
50370||834.68
50380||1602.08
50390||101.47
50396||65.68
50400||1330.79
50405||1572.7
50500||1209.57
50520||1209.57
50525||1451.48
50526||1451.48
50540||1495.28
50541||832.01
50544||1145.48
50546||1062.17
50547||1364.98
50548||1246.42
50551||249.93
50553||567.66
50555||482.23
50557||626.95
50561||605.59
50570||314.54
50572||338.05
50574||362.07
50575||857.64
50576||363.13
50580||391.45
50590||961.25
50600||1088.88
50605||1095.82
50610||1121.46
50620||1058.97
50630||1068.05
50650||1209.57
50660||1209.57
50684||362.07
50686||151.66
50688||64.62
50690||385.57
50700||1084.61
50715||967.66
50722||967.66
50725||1388.47
50727||534.03
50728||787.16
50740||1280.6
50750||1330.79
50760||1281.13
50770||1341.48
50780||1274.19
50782||1332.93
50783||1368.7
50785||1409.83
50800||1174.86
50810||1602.08
50815||1602.08
50820||1602.08
50825||1814.63
50840||1602.08
50845||1222.93
50860||1088.88
50900||1068.05
50920||1068.05
50930||1287.55
50940||1074.47
50945||879.55
50951||261.68
50953||578.35
50955||483.82
50957||486.51
50961||716.12
50970||236.58
50972||226.97
50974||302.26
50976||299.06
50980||224.3
51020||774.35
51030||774.35
51040||640.83
51045||640.83
51050||774.35
51060||961.25
51065||774.35
51080||483.82
51500||747.64
51520||854.44
51525||1068.05
51530||899.3
51535||917.99
51550||1088.88
51555||1088.88
51565||1451.48
51570||1572.7
51575||2056.54
51580||2056.54
51585||2368.94
51590||2349.72
51595||2670.14
51596||2631.15
51600||368.48
51605||375.43
51610||394.65
51700||112.69
51705||84.37
51710||150.6
51715||234.44
51720||143.12
51725||60.88
51726||130.83
51736||42.19
51741||60.35
51784||104.14
51785||90.78
51792||152.2
51797||84.92
51800||1209.57
51820||1602.08
51840||779.15
51841||876.88
51845||713.46
51860||876.88
51865||1077.66
51880||483.82
51900||1174.86
51920||1068.05
51925||1126.26
51940||1864.29
51960||1614.9
51980||961.25
51990||683.55
51992||743.89
52000||124.43
52005||217.89
52010||217.89
52204||195.98
52214||238.18
52224||220.55
52234||363.13
52235||640.83
52240||961.25
52250||320.42
52260||181.57
52265||157.54
52270||241.91
52275||284.1
52276||546.85
52277||350.85
52281||181.57
52282||471.54
52283||245.12
52285||247.25
52290||241.91
52300||326.3
52301||336.44
52305||325.75
52310||422.95
52315||526.96
52317||740.7
52318||747.64
52320||373.82
52325||747.64
52330||601.85
52332||789.82
52334||241.91
52450||474.74
52500||605.06
52601||1068.05
52630||1068.05
52640||543.11
52647||709.73
52648||838.95
52700||483.82
53000||221.61
53010||337.5
53020||142.58
53025||134.58
53040||388.23
53060||212.55
53080||362.07
53085||1019.99
53200||190.12
53210||846.97
53215||1088.88
53230||605.06
53235||725.75
53240||275.56
53250||630.15
53260||210.41
53265||223.75
53270||214.67
53275||185.84
53400||605.06
53405||846.97
53410||967.66
53415||1209.57
53420||1068.05
53425||1127.34
53430||846.97
53440||1068.05
53442||662.72
53449||765.8
53450||261.13
53460||294.25
53502||594.37
53505||580.49
53510||756.19
53515||1019.99
53520||363.13
53600||124.96
53601||118.02
53605||42.19
53620||182.1
53621||175.15
53660||107.34
53661||108.94
53665||25.1
54000||168.76
54001||194.39
54015||316.14
54050||87.04
54055||182.1
54056||99.86
54057||94.53
54060||173.03
54065||263.48
54100||132.97
54105||232.83
54110||471.54
54111||967.66
54112||1176.47
54115||405.33
54120||605.06
54125||1068.05
54130||1439.21
54135||1814.63
54161||181.57
54200||83.31
54205||471.54
54220||193.84
54230||88.12
54240||113.22
54250||142.58
54300||483.82
54304||801.57
54308||944.17
54312||1058.44
54316||1088.88
54318||786.09
54322||967.66
54324||967.66
54326||967.66
54328||1088.88
54332||1209.57
54336||1330.79
54340||408.53
54344||642.44
54348||846.97
54352||1330.79
54380||804.24
54385||1234.14
54390||1631.46
54400||747.64
54420||701.71
54430||701.71
54435||619.47
54500||170.35
54505||181.57
54520||363.13
54530||483.82
54535||725.75
54550||471.54
54560||713.46
54600||483.82
54620||241.91
54640||640.83
54650||747.11
54670||469.94
54680||580.49
54690||691.04
54692||681.96
54700||284.64
54800||196.53
54830||363.13
54840||427.22
54860||472.08
54861||605.06
55000||80.11
55040||427.22
55041||640.83
55060||363.13
55100||279.84
55110||419.22
55120||404.26
55180||770.6
55200||217.89
55250||373.82
55300||217.89
55500||363.13
55520||363.13
55530||427.22
55535||507.33
55540||560.19
55550||358.87
55600||471.54
55605||710.26
55650||1068.05
55680||1068.05
55700||125.5
55705||427.22
55720||483.82
55725||747.64
55801||1209.57
55810||1528.38
55812||1874.98
55815||2136.11
55821||1068.05
55831||1090.49
55840||1572.7
55842||1633.05
55845||1928.91
55860||695.84
55862||786.09
55865||1391.14
56405||130.1
56420||90.12
56440||290.72
56441||108.3
56501||114.84
56515||175.89
56605||84.31
56606||50.15
56620||872.17
56625||1090.22
56630||1453.62
56631||2121.56
56632||2075.78
56633||1673.84
56634||2188.42
56637||2231.31
56640||1889.71
56700||197.69
56740||348.87
56800||348.87
56805||1269.01
56810||356.13
57000||290.72
57010||329.25
57020||73.41
57061||84.31
57065||133.73
57100||58.87
57106||423.74
57107||1465.25
57109||1793.77
57110||1017.53
57111||1797.4
57120||872.17
57150||36.35
57160||53.79
57170||54.51
57180||92.3
57210||211.26
57220||508.77
57230||508.77
57240||617.8
57250||508.77
57260||872.17
57265||1017.53
57268||654.13
57270||1017.53
57280||1026.99
57284||1166.53
57288||1112.02
57289||857.64
57292||917.96
57300||1053.88
57305||1308.26
57307||1453.62
57308||924.5
57310||1053.88
57311||619.24
57320||1053.88
57330||929.59
57335||1273.37
57400||86.49
57410||107.57
57415||135.19
57452||74.13
57454||123.56
57460||268.19
57500||58.15
57505||72.68
57510||121.38
57511||103.21
57513||315.44
57520||369.95
57522||321.98
57530||377.94
57531||2176.07
57540||872.17
57545||956.49
57550||872.17
57555||1053.88
57556||1053.88
57700||436.09
57720||436.09
57800||49.43
58100||58.87
58120||319.8
58140||1017.53
58150||1162.9
58152||1388.21
58180||1162.9
58200||1487.77
58210||2180.43
58260||1162.9
58262||1158.54
58263||1237.03
58267||1511.77
58270||1264.65
58275||1308.26
58280||1308.26
58285||1744.35
58301||69.77
58340||266.01
58350||82.13
58520||872.17
58555||231.12
58558||251.48
58559||377.22
58560||393.93
58561||545.83
58562||261.65
58611||71.16
58615||799.53
58660||402.65
58661||701.38
58662||438.44
58670||604.44
58671||639.63
58700||872.17
58720||872.17
58740||1017.53
58800||329.25
58805||872.17
58820||329.25
58822||872.17
58900||872.17
58920||872.17
58925||872.17
58940||872.17
58943||1283.54
58950||1083.67
58951||1503.05
58952||1708.01
58960||1040.07
59000||82.13
59012||215.13
59015||159.18
59020||72.68
59025||32.7
59030||82.13
59050||116.29
59051||106.83
59100||1017.53
59120||1017.53
59121||1017.53
59130||994.28
59136||1206.5
59140||427.37
59150||552.37
59151||569.82
59160||290.72
59300||32.58
59325||315.44
59350||1003.0
59400||1994.02
59409||780.72
59414||127.53
59510||1995.21
59514||781.35
59525||342.95
59610||1994.02
59612||780.72
59618||1995.21
59620||781.35
59812||241.91
59820||241.91
59821||241.91
59830||453.93
59840||359.82
59841||508.39
59850||470.57
59851||470.57
59852||1046.7
59855||406.81
59856||586.73
59857||1183.41
59870||436.09
59871||193.33
60000||97.19
60100||76.37
60200||574.61
60210||811.18
60212||1049.89
60220||794.63
60225||846.97
60240||967.66
60252||1338.27
60254||1693.4
60260||907.32
60270||1306.24
60271||1133.74
60280||587.43
60281||701.71
60500||1088.88
60502||1426.93
60505||1451.48
60512||291.04
60520||1088.88
60521||1356.43
60522||1512.9
60540||1149.23
60545||1330.79
60600||1028.01
60605||1451.48
60650||1262.44
61000||121.22
61001||84.92
61020||121.22
61026||186.92
61050||108.94
61055||202.92
61070||187.45
61105||423.48
61107||448.58
61108||725.75
61120||605.06
61140||1155.09
61150||1370.84
61151||544.71
61154||1388.47
61156||1388.47
61210||402.12
61215||302.26
61250||786.09
61253||1048.29
61304||1815.69
61305||2136.11
61312||1693.4
61313||1693.4
61314||1693.4
61315||1693.4
61320||1693.4
61321||1693.4
61330||1572.7
61333||2131.3
61340||967.66
61343||1250.15
61345||1158.84
61450||1693.4
61458||2056.54
61460||2056.54
61500||970.47
61501||1367.11
61510||2056.54
61512||2056.54
61514||1964.68
61516||1932.64
61518||2419.14
61519||2419.14
61520||2419.14
61521||2419.14
61522||2305.93
61524||2180.96
61526||2419.14
61530||2419.14
61531||1347.89
61533||1665.63
61534||1712.63
61535||1001.3
61536||2912.58
61538||2115.28
61539||2298.45
61541||2355.6
61543||2262.68
61544||1814.63
61545||1827.97
61546||2056.54
61548||2108.34
61550||1281.67
61552||1602.08
61556||1457.9
61557||1451.48
61558||1814.63
61559||2539.3
61563||1164.72
61564||1808.22
61570||1868.03
61571||2029.3
61575||2669.07
61576||4236.44
61580||2146.79
61581||2436.23
61582||2210.34
61583||2521.68
61584||2441.03
61585||2734.22
61586||1939.05
61590||2972.92
61591||3118.18
61592||2824.46
61595||2087.51
61596||2539.3
61597||2683.49
61598||2359.86
61600||1810.36
61601||1942.79
61605||2053.33
61606||2751.31
61607||2568.14
61608||2985.75
61611||435.23
61613||2927.01
61615||2257.33
61616||3066.92
61618||1154.56
61619||1447.75
61624||1197.29
61626||973.0
61680||2403.65
61682||4687.69
61684||3125.66
61686||4942.43
61690||2409.0
61692||3929.91
61700||2419.14
61702||2419.14
61703||1445.62
61705||2720.34
61708||2486.96
61710||1983.37
61711||2310.73
61720||2029.3
61735||2029.3
61750||1495.28
61751||1735.6
61760||1422.11
61790||795.7
61791||1281.67
61880||558.6
61885||556.99
61886||543.11
61888||436.83
62000||961.25
62005||1281.67
62010||1548.68
62100||1748.94
62115||1209.57
62117||2112.61
62120||1602.61
62121||1700.34
62140||1086.74
62141||1203.69
62142||885.96
62143||1068.05
62145||1815.69
62146||1284.33
62147||1504.89
62180||1708.89
62190||1388.47
62192||1388.47
62194||534.03
62200||1708.89
62201||1708.89
62220||1388.47
62223||1388.47
62225||534.03
62230||1068.05
62256||581.55
62258||713.46
62263||408.0
62268||459.27
62269||534.03
62270||117.49
62272||118.02
62273||108.94
62280||177.29
62281||153.8
62282||192.78
62284||127.1
62287||1068.05
62290||183.17
62291||184.23
62292||662.72
62294||884.88
62350||374.35
62351||553.25
62355||311.87
62360||119.63
62361||287.31
62362||375.96
62365||310.28
62367||31.51
62368||49.13
63001||1708.89
63003||1708.89
63005||1388.47
63011||1174.86
63012||1495.28
63015||1708.89
63016||1676.31
63017||1474.98
63020||1388.47
63030||1281.67
63035||283.04
63040||1538.54
63045||1376.19
63046||1426.93
63047||1309.44
63048||294.78
63055||1893.12
63056||1629.85
63057||434.69
63064||1935.32
63066||280.37
63075||1403.42
63076||300.65
63077||1724.38
63078||279.84
63081||1934.25
63082||388.77
63085||2161.21
63086||289.98
63087||2747.56
63088||381.82
63090||2191.65
63091||258.46
63170||1626.11
63172||1489.39
63173||1800.75
63185||1495.28
63190||1493.67
63191||1464.31
63197||1708.89
63200||1786.32
63250||3001.77
63251||3139.54
63252||3326.99
63265||1945.99
63266||1904.34
63267||1615.97
63268||1695.53
63270||2094.98
63271||2268.02
63272||1970.56
63273||1904.87
63275||2091.79
63276||1829.58
63277||1630.91
63278||1608.49
63280||2208.2
63281||2179.37
63282||2064.55
63283||1003.97
63285||2779.08
63286||2931.81
63287||2842.09
63290||2872.0
63300||1992.98
63301||2107.28
63302||2126.5
63303||2460.27
63304||2435.7
63305||2588.43
63306||2543.03
63307||2467.21
63308||421.34
63600||1281.67
63610||332.69
63650||625.89
63655||1113.98
63685||542.58
63688||434.16
63700||1209.57
63702||1209.57
63704||1451.48
63706||1451.48
63707||1602.08
63709||1602.08
63710||1206.9
63740||1388.47
63741||1110.77
63744||605.06
63746||534.03
64400||81.17
64405||90.25
64408||95.06
64415||103.61
64417||93.45
64418||87.04
64420||85.45
64421||121.22
64425||98.8
64430||100.39
64435||104.67
64445||112.69
64450||70.49
64479||221.61
64480||201.33
64483||205.61
64484||191.18
64505||87.04
64510||87.04
64520||120.16
64530||201.33
64600||162.88
64605||228.03
64610||294.25
64612||119.63
64620||142.58
64630||140.99
64640||179.97
64680||169.29
64702||290.51
64704||427.22
64708||640.83
64712||636.56
64714||724.14
64716||571.94
64718||640.83
64719||425.08
64721||454.46
64726||290.51
64727||252.6
64732||378.09
64734||396.78
64736||373.82
64738||534.03
64740||534.03
64742||544.71
64744||423.48
64746||302.26
64755||846.97
64760||747.64
64763||363.13
64766||605.06
64771||423.48
64772||581.55
64774||218.95
64776||219.49
64778||115.35
64782||363.13
64783||299.59
64784||605.06
64786||1291.28
64787||330.56
64788||363.13
64790||866.19
64792||1122.52
64795||228.56
64802||774.35
64804||1068.05
64809||1068.05
64818||801.04
64820||569.8
64831||405.33
64832||219.49
64834||483.82
64835||605.06
64836||725.75
64837||502.51
64840||1015.71
64856||725.75
64857||1120.93
64858||1375.12
64861||1573.25
64862||1580.72
64864||972.47
64865||1194.08
64866||1388.47
64868||1388.47
64872||162.88
64874||238.71
64876||249.93
64885||999.16
64886||1191.41
64890||929.2
64891||884.88
64892||859.25
64893||995.96
64895||1102.77
64896||1255.5
64897||1049.89
64898||1135.87
64901||687.82
64902||799.98
64905||754.58
64907||989.55
65091||605.06
65093||725.75
65101||605.06
65103||653.11
65105||725.75
65110||1209.57
65112||1639.99
65114||1354.83
65125||374.88
65130||562.33
65135||671.27
65140||841.09
65150||759.92
65175||719.34
65205||159.68
65210||168.21
65220||206.67
65222||28.99
65235||655.25
65260||725.75
65265||967.66
65270||132.97
65272||221.61
65273||221.08
65275||475.82
65280||688.35
65285||1214.91
65286||621.07
65290||280.37
65400||483.82
65410||77.43
65420||363.13
65426||573.01
65430||197.59
65435||60.35
65436||234.44
65450||251.52
65600||427.22
65710||1281.67
65730||1602.08
65750||1602.08
65755||1602.08
65800||112.69
65810||483.82
65815||326.83
65820||605.06
65850||725.75
65855||309.2
65860||452.32
65865||592.77
65870||562.33
65875||562.33
65880||562.33
65900||1182.33
65920||739.63
65930||796.24
66020||121.22
66030||82.23
66130||675.01
66150||725.75
66155||725.75
66160||725.75
66170||967.66
66172||1253.9
66180||1602.08
66185||409.59
66225||1281.67
66250||639.23
66500||302.26
66505||302.26
66600||832.01
66605||1150.83
66625||605.06
66630||605.06
66635||593.84
66680||535.63
66682||605.06
66700||483.82
66710||356.74
66720||363.13
66740||640.83
66761||302.26
66762||302.26
66770||453.39
66820||302.26
66821||267.01
66825||730.01
66830||694.24
66840||650.97
66850||725.75
66852||725.75
66920||1068.05
66930||1068.05
66940||1068.05
66983||1441.87
66984||1441.87
66985||677.68
66986||725.75
67005||801.04
67010||1602.08
67015||483.82
67025||725.75
67027||843.76
67028||522.28
67030||554.32
67031||348.19
67036||1655.48
67039||1815.69
67101||418.14
67105||377.02
67107||1424.24
67108||1509.16
67110||1335.07
67115||520.67
67120||605.06
67121||605.06
67141||584.23
67145||534.03
67208||605.06
67210||605.06
67220||905.18
67227||367.41
67228||430.42
67250||1068.05
67255||1281.67
67311||747.64
67312||747.64
67334||499.85
67340||625.34
67343||750.84
67345||217.89
67400||725.75
67405||725.75
67412||760.99
67413||645.11
67414||661.13
67415||120.16
67420||1330.79
67430||1330.79
67440||1209.57
67445||1068.05
67450||1306.24
67500||214.14
67505||173.03
67515||163.95
67550||786.09
67560||1067.52
67570||720.4
67700||178.9
67710||175.7
67715||45.4
67800||184.78
67801||204.53
67805||217.89
67808||188.51
67810||155.4
67820||60.88
67825||224.3
67830||439.5
67835||529.22
67840||208.81
67850||221.61
67875||302.26
67880||637.63
67882||821.87
67900||473.15
67901||854.44
67902||640.83
67903||854.44
67904||862.99
67906||854.44
67908||621.61
67909||672.88
67911||592.77
67914||347.12
67915||305.47
67916||483.82
67917||605.06
67921||336.97
67922||300.65
67923||484.37
67924||605.06
67930||349.79
67935||499.85
67938||391.98
67950||614.67
67961||601.85
67966||662.72
67971||725.75
67973||907.32
67974||1038.15
67975||410.67
68020||182.1
68040||306.53
68100||186.37
68110||215.22
68115||223.22
68130||339.64
68135||202.92
68200||158.6
68320||640.83
68325||747.64
68326||695.84
68330||559.13
68335||630.69
68340||771.13
68360||302.26
68362||605.06
68400||261.68
68420||286.78
68440||170.89
68500||725.75
68505||725.75
68510||683.02
68520||651.52
68525||367.94
68530||708.65
68540||882.21
68550||1190.35
68700||1190.35
68705||214.67
68720||750.84
68745||801.04
68750||801.04
68760||197.06
68761||179.97
68770||514.26
68801||195.98
68810||266.48
68811||160.74
68815||317.22
68840||222.69
68850||348.72
69000||81.17
69005||131.74
69020||84.37
69100||57.68
69105||52.87
69110||181.57
69120||427.22
69140||703.32
69145||259.01
69150||1105.43
69155||1801.28
69200||49.66
69205||115.35
69210||43.79
69220||60.35
69222||160.21
69300||534.03
69310||907.32
69320||967.66
69420||80.11
69424||90.78
69433||85.98
69436||173.03
69440||605.06
69450||272.35
69501||725.75
69502||725.75
69505||1075.53
69511||1113.45
69530||1602.08
69535||3034.34
69540||74.76
69550||1095.29
69552||1696.06
69554||2731.54
69601||907.32
69602||1117.18
69603||1151.36
69604||1281.67
69610||204.53
69620||694.24
69631||1174.86
69632||1174.86
69633||1174.86
69635||1281.67
69636||1281.67
69637||1602.08
69641||1281.67
69642||1385.8
69643||1281.67
69644||1392.75
69645||1350.01
69646||1451.48
69650||725.75
69660||1068.05
69661||1281.67
69662||725.75
69666||1153.5
69667||1153.5
69676||817.59
69700||423.48
69720||1281.67
69725||1572.7
69740||1602.08
69745||1708.89
69801||247.79
69805||1114.51
69806||1068.05
69905||1104.37
69910||1116.65
69915||1890.45
69930||1617.03
69960||2277.63
69970||2535.56
69990||263.27
70010||71.78
70015||127.68
70030||35.4
70100||36.0
70110||48.83
70120||37.27
70130||65.75
70134||65.75
70140||37.27
70150||53.47
70160||35.56
70170||62.08
70190||37.27
70200||54.35
70210||31.01
70220||47.84
70240||31.01
70250||37.27
70260||57.69
70300||12.38
70310||24.82
70320||49.64
70328||35.07
70330||54.64
70332||97.54
70350||20.87
70355||23.01
70360||24.82
70370||54.64
70380||39.73
70390||59.28
70450||145.26
70460||204.88
70470||241.04
70480||218.52
70481||251.61
70482||295.89
70486||176.93
70487||210.35
70490||206.57
70491||256.11
70492||308.17
70540||319.83
70551||272.77
70552||379.01
70553||446.18
71100||38.96
71101||46.36
71110||47.78
71111||60.82
71120||37.27
71130||37.27
71250||182.63
71260||230.85
71270||274.85
71550||485.69
72020||24.82
72040||37.27
72050||57.38
72052||72.16
72070||40.22
72072||44.22
72074||50.36
72080||39.29
72100||43.45
72110||62.9
72114||75.89
72120||49.64
72125||179.29
72126||233.92
72127||275.95
72128||178.84
72129||235.73
72130||277.04
72131||178.35
72132||233.92
72133||275.51
72141||266.3
72142||388.22
72146||265.87
72147||384.05
72148||266.8
72149||380.88
72156||449.31
72157||449.8
72158||447.95
72170||31.01
72190||45.26
72192||183.02
72193||293.26
72194||339.01
72196||380.16
72200||31.01
72202||42.42
72220||35.89
72240||125.58
72255||124.82
72265||117.59
72270||161.97
72285||144.11
72295||125.48
73000||29.81
73010||30.68
73020||24.82
73030||37.09
73040||72.71
73050||37.15
73060||29.81
73070||29.81
73080||37.27
73085||103.02
73090||29.81
73092||29.81
73100||24.82
73110||36.06
73115||59.01
73120||24.82
73130||36.06
73140||22.36
73200||227.45
73201||282.25
73202||354.8
73220||560.1
73221||282.95
73525||108.0
73560||27.28
73562||33.54
73564||39.73
73565||27.28
73580||99.29
73590||29.81
73592||29.81
73600||27.28
73610||36.06
73615||108.0
73620||24.82
73630||34.74
73650||27.28
73660||22.36
73700||178.35
73701||231.34
73702||271.78
73720||477.76
73721||282.46
74022||56.54
74150||188.16
74160||299.45
74170||340.87
74181||273.91
74185||476.26
74190||49.53
74210||54.64
74220||54.64
74230||74.46
74235||172.87
74240||146.35
74246||165.31
74250||135.72
74251||522.14
74270||74.46
74280||90.14
74290||55.12
74300||62.08
74301||31.01
74328||165.14
74329||165.14
74330||165.14
74340||90.63
74355||147.83
74360||156.32
74363||189.58
74400||94.3
74410||124.1
74415||142.46
74420||80.93
74425||71.99
74430||47.56
74440||54.64
74445||74.46
74450||59.56
74455||86.91
74470||62.08
74485||119.07
74710||47.06
74740||67.02
75600||255.55
75605||158.57
75625||164.93
75630||204.0
75705||303.17
75710||195.28
75716||210.84
75726||186.84
75731||200.06
75733||222.03
75736||185.54
75741||170.74
75743||192.98
75746||176.1
75756||208.55
75774||108.33
75801||186.19
75803||186.19
75805||187.56
75807||198.64
75809||35.62
75810||562.57
75820||87.67
75822||134.58
75825||148.49
75827||156.71
75842||208.06
75870||191.72
75885||177.09
75898||149.03
75984||97.15
75989||149.92
76000||40.11
76010||33.48
76080||59.94
76098||20.77
76100||81.92
76120||75.62
76125||43.45
76140||26.68
76506||89.26
76511||73.37
76512||61.81
76513||95.29
76516||60.66
76519||78.63
76529||84.27
76536||85.69
76700||119.34
76705||87.13
76770||115.78
76775||73.7
76805||135.29
76810||115.34
76815||90.3
76816||74.36
76825||116.87
76826||85.42
76827||82.58
76828||48.77
76830||97.04
76831||108.33
76856||97.04
76857||60.49
76870||85.75
76872||97.04
76873||154.84
76885||109.14
76886||97.27
76932||96.0
76941||162.03
76942||72.61
76946||41.1
76965||113.42
76975||68.71
77261||87.67
77262||133.1
77263||206.9
77280||114.95
77285||182.2
77290||223.61
77295||616.43
77300||80.5
77321||117.2
77331||76.6
77332||49.26
77333||65.6
77334||160.93
77336||79.01
77370||136.54
77401||27.34
77402||60.82
77407||55.61
77412||61.97
77417||14.09
77427||164.05
77431||113.81
77432||407.83
77470||166.73
77600||242.96
77610||242.96
77615||326.3
77750||193.7
77761||462.57
77762||613.09
77763||865.63
77778||1053.7
77789||153.09
77790||20.23
78015||116.06
78016||157.04
78018||186.19
78020||41.91
78070||137.86
78075||312.44
78102||133.76
78110||49.64
78111||75.18
78120||74.46
78121||101.15
78122||126.69
78130||124.1
78140||124.1
78185||124.1
78191||165.47
78195||271.89
78201||111.73
78202||172.33
78215||124.1
78216||163.23
78230||86.91
78231||100.65
78232||124.1
78258||185.54
78261||155.12
78262||155.12
78264||424.11
78278||186.19
78282||74.46
78290||155.12
78291||202.41
78300||116.06
78305||161.97
78306||202.29
78315||188.05
78414||148.93
78445||173.32
78456||213.21
78457||99.29
78458||135.29
78466||125.54
78468||166.36
78472||240.65
78473||359.78
78481||226.68
78483||308.77
78494||292.27
78496||54.95
78580||161.37
78600||168.33
78601||197.65
78605||192.38
78606||228.33
78610||57.69
78630||242.69
78635||214.24
78645||214.24
78650||212.22
78660||124.1
78700||111.73
78701||171.88
78707||276.77
78708||223.18
78709||261.96
78725||110.46
78740||96.82
78761||124.1
78800||127.83
78801||189.91
78802||222.19
79200||148.93
79300||372.38
80168||20.83
80170||20.88
80176||18.73
80178||8.43
80184||12.05
80185||16.9
80186||17.54
80188||21.16
80190||26.16
80192||21.36
80194||18.62
80197||17.51
80198||18.03
80200||20.55
80201||15.19
80202||17.27
80299||18.06
81000||3.7
81001||3.97
81002||3.08
81003||2.81
81005||2.54
81007||4.0
81015||3.59
81025||4.02
81050||2.02
82009||5.39
82010||10.26
82013||14.24
82016||18.92
82017||21.5
82024||49.24
82030||32.89
82040||5.77
82042||4.06
82043||7.29
82044||5.62
82085||12.38
82088||51.95
82103||17.13
82104||18.45
82105||121.92
82106||17.26
82108||28.29
82120||5.75
82127||17.69
82128||17.69
82131||26.34
82135||20.99
82136||22.51
82139||21.5
82140||18.58
82143||10.73
82150||8.22
82154||36.76
82157||37.32
82160||31.89
82164||18.62
82172||18.86
82175||24.18
82180||12.61
82232||20.63
82239||20.88
82240||33.89
82247||5.87
82248||6.33
82252||5.81
82261||19.88
82270||4.19
82286||6.57
82300||29.51
82306||35.56
82308||34.15
82310||5.88
82330||17.44
82331||8.08
82340||7.69
82355||14.76
82360||16.41
82365||16.44
82370||15.96
82374||1.95
82375||15.71
82376||7.63
82378||24.17
82379||21.5
82380||11.76
82382||26.85
82383||33.36
82384||32.2
82387||23.01
82390||13.7
82397||18.0
82415||16.15
82435||4.32
82436||6.3
82438||6.23
82441||7.66
82465||5.55
82480||10.04
82482||11.25
82485||26.34
82495||25.86
82507||35.44
82523||23.83
82525||15.82
82528||28.72
82530||21.3
82533||20.78
82540||5.91
82542||22.02
82550||8.31
82552||17.07
82553||14.53
82554||15.13
82565||6.18
82570||6.6
82575||12.05
82585||13.4
82595||7.63
82600||24.73
82607||19.12
82608||18.26
82615||10.96
82626||32.23
82627||28.14
82633||39.5
82634||37.32
82638||15.62
82652||47.59
82657||25.45
82658||28.2
82664||34.44
82668||23.97
82670||35.44
82671||41.18
82672||27.66
82677||30.83
82679||31.81
82693||19.01
82696||30.11
82705||6.5
82710||21.43
82715||26.35
82725||20.8
82726||23.02
82728||17.31
82735||23.64
82746||18.75
82747||16.48
82759||27.35
82760||14.27
82775||26.87
82776||11.33
82784||8.72
82785||20.94
82787||10.23
82800||9.57
82803||17.0
82805||34.86
82810||11.22
82820||15.31
82938||22.56
82941||22.49
82943||18.22
82946||20.4
82947||4.73
82948||3.89
82950||6.01
82951||16.17
82952||4.96
82955||12.36
82960||7.72
82962||2.87
82963||27.4
82965||12.08
82977||9.18
82978||18.17
82979||10.76
82985||19.24
83001||23.54
83002||23.5
83003||21.26
83010||15.76
83012||26.85
83013||85.89
83014||10.03
83015||17.44
83018||28.0
83020||15.68
83021||22.09
83026||3.7
83030||12.32
83033||9.17
83036||12.25
83045||7.44
83050||9.09
83051||9.32
83060||10.54
83065||10.33
83068||10.87
83069||5.03
83070||6.05
83080||21.5
83088||37.65
83150||16.35
83491||22.35
83497||16.44
83498||34.33
83500||28.87
83505||30.98
83516||12.34
83518||8.51
83519||17.6
83520||14.69
83525||14.57
83527||16.51
83528||22.74
83540||8.2
83550||9.88
83570||11.29
83582||18.07
83586||16.32
83593||33.54
83605||13.5
83615||7.7
83625||16.31
83632||25.79
83633||8.58
83655||15.25
83661||28.03
83662||24.1
83670||11.69
83690||8.72
83718||9.68
83719||14.83
83721||11.79
83727||21.92
83735||8.55
83775||9.4
83785||31.36
83789||23.44
83825||20.25
83835||21.6
83857||13.68
83864||22.86
83872||7.47
83873||21.93
83874||16.47
83883||17.34
83885||31.26
83915||14.21
83916||31.41
83918||25.69
83919||20.99
83930||8.43
83935||8.64
83945||16.58
83970||49.97
83986||4.56
84030||7.01
84035||4.66
84060||9.41
84066||12.32
84075||5.92
84078||8.72
84080||18.85
84081||21.06
84085||10.53
84087||13.17
84100||6.04
84105||6.63
84106||6.67
84110||10.76
84119||13.45
84120||18.76
84126||39.78
84132||4.93
84133||5.49
84134||17.89
84135||24.41
84138||24.16
84140||26.36
84143||29.09
84144||26.25
84146||24.54
84150||38.97
84153||23.45
84154||23.45
84155||4.25
84160||6.6
84165||13.7
84181||21.72
84182||28.1
84202||18.29
84203||11.17
84206||27.81
84207||35.82
84210||16.61
84220||12.03
84228||14.83
84233||88.92
84234||76.21
84235||81.73
84238||46.62
84244||28.04
84252||25.8
84255||32.55
84260||39.5
84270||26.85
84275||17.13
84285||30.01
84295||5.03
84300||6.2
84305||26.38
84307||23.31
84311||9.29
84315||3.76
84375||30.61
84376||6.73
84377||7.01
84378||14.69
84379||14.69
84392||6.3
84402||32.47
84403||32.7
84425||27.07
84430||14.83
84432||20.48
84436||8.65
84437||8.25
84439||11.35
84442||18.85
84443||21.17
84445||64.83
84446||17.21
84450||6.33
84460||6.57
84466||15.79
84478||7.2
84479||8.15
84480||18.06
84481||21.47
84482||20.1
84484||12.15
84485||9.18
84488||9.31
84490||11.39
84510||13.27
84512||11.58
84520||4.52
84525||5.88
84540||4.75
84545||8.43
84550||5.75
84560||6.05
84577||19.48
84578||5.08
84580||10.96
84583||6.94
84585||19.77
84588||43.28
84590||14.65
84597||17.5
84600||20.5
84620||15.1
84630||14.52
84681||25.58
84702||18.99
84703||9.27
84830||13.91
85002||5.75
85007||3.89
85008||0.75
85009||5.81
85013||2.91
85014||3.03
85018||2.97
85025||9.68
85027||8.19
85041||3.83
85044||3.79
85045||5.09
85046||6.61
85048||3.24
85060||18.12
85097||50.56
85130||15.16
85170||5.65
85175||7.1
85210||16.55
85220||22.51
85230||22.82
85240||22.75
85244||26.03
85245||29.25
85246||29.25
85247||29.25
85250||24.28
85260||22.82
85270||22.82
85280||24.67
85290||20.83
85291||11.35
85292||24.14
85293||24.14
85300||15.02
85301||13.78
85302||15.32
85303||17.64
85305||14.8
85306||19.54
85335||16.41
85337||16.28
85345||5.49
85347||5.24
85348||5.15
85360||10.71
85362||8.48
85366||12.29
85370||14.49
85378||9.32
85379||12.98
85384||10.94
85385||13.27
85390||8.08
85400||9.81
85410||9.83
85415||21.92
85420||8.33
85421||8.78
85441||5.35
85445||8.69
85460||9.01
85461||5.98
85475||11.32
85520||16.45
85525||14.49
85530||16.7
85540||10.97
85547||10.97
85549||23.91
85555||8.58
85557||17.03
85576||17.07
85597||22.92
85610||5.01
85611||5.03
85612||14.95
85613||12.12
85635||12.55
85651||3.4
85652||3.44
85660||6.48
85670||7.16
85675||8.72
85705||12.28
85730||7.66
85732||8.25
85810||14.87
86000||7.63
86003||6.66
86021||19.19
86022||23.42
86023||15.88
86038||15.25
86039||14.23
86060||9.31
86063||7.36
86077||49.52
86078||62.9
86079||62.48
86140||6.6
86147||28.72
86148||20.48
86155||20.38
86156||9.27
86157||10.28
86160||15.08
86161||15.31
86162||25.92
86171||12.77
86215||16.88
86225||17.51
86226||15.43
86235||20.93
86255||15.36
86256||14.9
86277||20.07
86280||10.44
86308||6.44
86309||8.25
86310||9.4
86316||26.54
86317||19.11
86318||20.23
86320||34.33
86325||28.52
86327||34.33
86329||17.92
86331||8.46
86332||31.07
86334||28.49
86337||27.3
86340||19.22
86341||25.95
86343||15.88
86344||11.92
86353||62.51
86359||48.1
86360||59.9
86361||34.14
86376||18.55
86382||21.56
86384||15.62
86403||13.24
86406||13.56
86430||7.23
86431||7.2
86490||5.77
86510||7.4
86580||4.82
86590||14.53
86592||5.45
86593||5.61
86602||12.98
86603||16.41
86606||19.19
86609||16.42
86612||16.45
86615||16.81
86617||19.75
86618||21.72
86619||17.06
86622||11.39
86625||16.73
86628||15.31
86631||15.08
86632||16.18
86635||14.63
86638||15.46
86641||18.37
86644||17.76
86645||20.6
86648||19.39
86651||16.81
86652||16.81
86653||16.81
86654||16.81
86658||16.61
86663||16.73
86664||19.51
86665||22.69
86668||16.24
86671||15.62
86674||18.76
86677||18.58
86682||16.58
86684||20.2
86687||10.7
86688||17.86
86689||24.67
86692||21.87
86694||14.93
86695||16.81
86698||15.94
86701||11.33
86702||16.94
86703||17.16
86704||15.36
86705||14.87
86706||13.64
86707||6.71
86708||15.79
86709||14.21
86710||17.28
86713||19.51
86717||15.62
86720||17.54
86723||16.81
86727||16.41
86732||17.21
86735||16.62
86738||16.88
86741||16.81
86744||18.35
86747||19.16
86750||16.81
86753||15.79
86756||16.05
86759||20.6
86762||18.35
86765||16.42
86768||16.81
86771||20.6
86774||18.86
86777||18.35
86778||18.36
86784||16.02
86787||16.32
86790||16.42
86793||16.81
86800||20.24
86803||18.03
86804||19.75
86805||69.6
86806||52.7
86807||54.85
86808||37.84
86812||32.91
86813||73.94
86816||35.52
86817||82.92
86821||27.96
86850||3.73
86860||28.44
86870||23.7
86880||6.87
86885||7.3
86886||6.05
86900||3.41
86901||3.53
86904||9.81
86905||4.81
86906||7.47
86940||10.46
86941||15.18
86945||36.09
86970||24.79
86971||24.79
86972||23.88
86975||23.88
86976||23.88
86977||23.88
86978||28.64
87003||21.47
87015||8.33
87040||12.88
87045||11.93
87070||10.77
87075||12.08
87076||10.3
87081||8.15
87084||13.45
87086||10.26
87088||8.72
87101||9.83
87102||10.67
87103||11.49
87106||11.65
87109||19.62
87110||24.8
87116||13.08
87118||16.75
87140||7.1
87143||15.96
87147||5.61
87158||8.18
87176||7.5
87177||11.35
87181||1.66
87184||6.07
87186||10.86
87187||16.18
87188||8.46
87190||6.54
87197||19.16
87205||4.96
87206||6.87
87207||7.65
87210||5.11
87220||5.35
87230||25.17
87250||24.94
87252||30.54
87253||22.95
87260||14.49
87265||14.49
87270||14.49
87272||14.49
87274||14.49
87276||8.56
87278||14.49
87280||12.68
87285||14.49
87290||14.49
87299||14.49
87301||14.49
87320||14.49
87324||12.62
87328||12.36
87332||14.49
87335||14.49
87340||13.08
87350||14.69
87380||21.07
87385||14.49
87390||23.67
87391||25.13
87420||4.19
87425||12.71
87430||11.73
87449||12.05
87471||44.74
87472||54.62
87475||25.56
87476||44.74
87480||25.58
87481||44.74
87482||63.96
87485||25.56
87486||44.74
87487||54.62
87490||24.63
87491||44.71
87492||54.59
87495||31.31
87496||44.74
87497||54.62
87510||25.58
87511||44.74
87512||53.24
87516||44.74
87517||54.62
87520||31.31
87521||44.74
87522||54.62
87525||31.31
87526||45.05
87527||53.24
87528||25.56
87529||44.08
87530||54.62
87531||31.31
87532||44.74
87533||53.24
87534||25.58
87535||44.74
87536||108.5
87537||25.56
87538||44.74
87539||66.89
87540||25.58
87541||44.74
87542||53.24
87550||25.58
87551||54.81
87552||54.62
87555||30.84
87556||47.82
87557||54.62
87560||31.31
87561||44.74
87562||54.62
87580||25.58
87581||44.74
87582||65.21
87590||18.09
87591||44.57
87592||54.62
87650||25.58
87651||44.74
87652||53.24
87797||31.31
87798||43.25
87799||54.62
87810||14.49
87850||14.49
87880||10.03
87899||6.99
88104||37.04
88106||37.04
88108||41.48
88130||22.91
88140||10.18
88141||15.1
88142||25.82
88143||26.44
88147||17.77
88148||19.36
88150||16.5
88152||16.5
88153||16.5
88155||9.35
88160||45.83
88161||29.63
88162||69.86
88164||13.84
88165||16.5
88166||16.5
88167||16.5
88172||40.58
88173||74.56
88230||144.85
88233||179.41
88235||107.62
88237||142.92
88239||188.08
88240||11.46
88241||11.46
88245||217.63
88248||220.8
88249||220.8
88261||272.54
88262||154.64
88263||191.62
88264||165.93
88267||229.22
88269||212.06
88271||24.1
88272||41.81
88273||40.97
88274||48.63
88275||45.44
88280||27.5
88283||13.93
88285||10.9
88289||17.33
88291||19.54
88300||12.01
88302||30.04
88304||43.72
88305||58.8
88307||125.71
88309||266.04
88311||11.33
88312||47.09
88313||55.31
88314||62.01
88319||98.66
88321||87.47
88342||77.16
88346||80.4
88348||340.97
88355||168.27
88358||95.79
88362||258.92
88371||28.34
88372||30.08
89050||5.09
89051||6.97
89060||9.12
89125||6.74
89160||5.57
89190||6.64
90853||4.98
90870||108.68
90880||74.75
90945||103.51
90947||155.26
90989||957.32
90993||39.96
90997||125.75
91010||99.13
91020||132.09
91030||58.04
91065||38.77
91122||86.59
92002||53.29
92004||71.4
92012||53.29
92014||55.12
92018||68.68
92019||61.82
92020||27.55
92060||48.45
92081||47.26
92082||48.87
92083||43.76
92100||41.5
92230||66.61
92235||117.23
92240||106.13
92250||60.43
92260||47.05
92265||60.59
92270||47.75
92283||24.08
92284||29.25
92511||59.94
92512||35.26
92516||28.19
92520||43.22
92526||48.51
92533||39.96
92541||20.9
92542||19.98
92544||19.98
92545||19.98
92546||19.98
92547||19.98
92551||14.63
92552||17.86
92553||29.26
92555||16.07
92556||38.73
92557||58.61
92562||11.04
92563||10.27
92565||13.33
92568||13.31
92571||13.67
92572||2.98
92575||10.67
92576||17.31
92577||19.52
92579||36.48
92582||54.59
92587||58.81
92588||73.53
92590||49.29
92591||49.29
92594||29.15
92595||53.5
92597||117.46
92950||164.96
92953||29.26
92960||175.66
92961||247.84
92970||270.37
92971||113.66
92975||483.09
92977||357.78
92978||323.01
92979||197.65
92986||1385.46
92987||1497.3
92990||1174.8
93000||41.17
93005||23.52
93010||17.64
93015||137.57
93016||35.24
93017||75.31
93018||27.02
93024||149.94
93040||18.75
93041||7.36
93042||12.24
93224||158.99
93225||42.77
93227||35.97
93268||202.88
93270||42.77
93272||31.2
93303||218.96
93304||119.74
93307||215.3
93308||107.65
93312||223.39
93315||277.17
93320||109.83
93321||55.86
93325||111.71
93350||137.87
93503||182.14
93505||341.04
93571||348.29
93572||322.41
93600||234.45
93602||151.87
93603||228.51
93609||421.66
93610||151.87
93612||151.87
93615||117.62
93616||134.09
93618||253.77
93619||855.56
93620||1003.13
93621||1003.13
93622||1003.13
93624||409.69
93631||805.63
93640||693.4
93641||778.97
93642||752.84
93650||1026.61
93724||394.43
93880||224.68
93882||109.36
93886||280.97
93888||186.7
93922||74.73
93923||139.65
93924||152.65
93925||138.95
93926||121.77
93930||133.41
93931||118.85
93970||241.32
93971||121.29
93975||269.44
93976||221.93
93978||235.46
93979||113.79
93980||237.57
93981||178.3
93990||102.92
94010||35.29
94014||54.38
94015||20.7
94016||33.68
94060||64.59
94150||7.99
94200||23.52
94375||33.31
94450||34.71
94621||142.88
94640||16.78
94642||123.21
94660||58.52
94662||40.16
94664||12.34
94667||28.54
94668||16.78
94680||58.81
94681||117.62
94690||21.32
94760||8.02
94772||62.83
95004||2.73
95024||4.02
95027||4.02
95028||6.02
95044||5.31
95052||6.6
95056||4.59
95060||9.32
95065||5.88
95070||59.1
95115||7.03
95180||87.5
95805||280.74
95807||303.07
95808||335.43
95810||499.27
95811||513.11
95812||117.36
95813||159.71
95816||108.41
95819||93.25
95822||93.25
95824||58.55
95829||319.13
95830||113.81
95851||21.32
95852||11.73
95857||42.63
95860||94.1
95861||141.14
95863||159.86
95864||235.24
95867||69.18
95868||116.77
95869||37.64
95870||29.05
95872||105.07
95875||73.41
95925||121.57
95926||176.65
95927||176.65
95930||49.4
95937||31.97
95955||159.45
95957||166.89
95958||354.67
95970||28.39
95971||48.37
95972||92.85
96105||73.44
96110||78.75
96405||56.39
96406||74.22
96420||60.49
96422||53.29
96423||23.98
96425||219.52
96440||238.66
96450||187.39
96542||122.67
96900||10.61
96910||35.29
96912||22.89
96913||46.8
97010||14.11
97012||15.98
97014||15.98
97016||15.98
97018||14.11
97022||15.98
97024||14.11
97026||14.11
97028||14.11
97032||12.42
97033||13.17
97034||11.23
97035||10.66
97036||15.98
97039||20.47
97110||15.72
97112||17.53
97113||19.98
97116||16.18
97124||14.76
97139||10.97
97140||31.86
97530||15.98
97750||16.5
99082||72.29
99170||156.06
99183||133.26
99195||23.52
99202||49.2
99203||82.05
99204||98.83
99205||118.62
99211||17.21
99212||25.96
99213||34.43
99214||53.79
99215||82.05
X3900||24.44
X3902||5.21
X3904||30.39
X3906||9.84
X3908||30.39
X3910||9.84
X3912||49.97
X3914||9.84
X3916||59.8
X3918||9.84
X3920||49.97
X3922||24.44
X3924||49.97
X3926||30.39
X3928||30.39
X3930||9.84
X3932||9.42
X3934||2.54
X4100||49.97
X4102||24.44
X4104||30.39
X4106||9.84
X4108||49.97
X4110||30.39
X4112||9.84
X4114||9.42
X4116||2.54
X4120||30.39
X4300||94.74
X4301||94.74
X4302||38.11
X4303||64.89
X4304||32.46
X4306||11.86
X4308||47.38
X4310||64.89
X4500||94.74
X4501||51.34
X4502||47.38
X4522||229.65
X4526||65.12
X4530||47.54
X4532||33.45
X4540||32.91
X4542||61.41
X4544||121.57
Z4300||103.28
Z4301||24.1
Z4302||12.05
Z4303||43.03
Z4304||77.46
Z4307||24.1
Z4308||24.1
Z4309||24.1
Z4310||12.05
Z4311||12.05
Z4312||12.05
Z4313||41.31
Z4314||19.18
Z5406||12.05
Z5408||54.51
Z5410||32.7
Z5412||2.44
Z5850||20.94
Z5900||102.56
Z5902||93.24
Z5904||83.91
Z5906||55.94
Z5908||52.21
Z5910||46.62
Z5912||121.57
Z5914||229.65
Z5916||51.71
Z5918||21.7
Z5920||21.7
Z5922||47.28
Z5924||69.65
Z5928||47.36
Z5930||33.45
Z5932||48.48
Z5934||67.49
Z5936||84.4
Z5940||80.56
Z5942||80.56
Z5944||80.56
Z5950||161.11
Z5952||47.36
Z5954||30.58
Z5956||30.58
Z5958||161.11
Z5964||80.56
Z5966||161.11
Z5968||47.36
Z6200||24.14
Z6202||12.06
Z6204||12.06
Z6206||4.03
Z6208||12.06
Z6300||24.14
Z6302||12.06
Z6304||12.06
Z6306||4.03
Z6308||12.06
Z6400||12.06
Z6402||24.14
Z6404||12.06
Z6406||12.06
Z6408||4.03
Z6410||12.06
Z6412||4.03
Z6414||12.06
Z6500||194.83
Z7500||34.1
Z7502||49.6
Z7504||49.6
Z7506||146.17
Z7508||58.47
Z7510||58.47
Z7512||26.13
Z7514||58.47
Z7604||2868.8
Z7606||28.3
Z7608||28.3
Z9726||43.03
Z9727||43.03
51725|TC|34.7
51726|TC|88.97
51736|TC|16.03
51741|TC|16.9
51784|TC|58.32
51785|TC|54.47
51792|TC|106.54
51797|TC|50.95
54240|TC|28.3
54250|TC|14.26
59020|TC|58.14
59025|TC|19.62
70010|TC|43.78
70015|TC|79.16
70030|TC|25.13
70100|TC|26.64
70110|TC|33.2
70120|TC|27.58
70130|TC|46.03
70134|TC|44.05
70140|TC|24.6
70150|TC|36.9
70160|TC|26.31
70170|TC|42.84
70190|TC|26.09
70200|TC|36.96
70210|TC|22.33
70220|TC|32.53
70240|TC|21.4
70250|TC|24.6
70260|TC|36.35
70300|TC|7.55
70310|TC|19.6
70320|TC|38.72
70328|TC|24.9
70330|TC|40.98
70332|TC|61.45
70350|TC|10.44
70355|TC|11.04
70360|TC|17.62
70370|TC|43.71
70380|TC|30.2
70390|TC|48.02
70450|TC|94.42
70460|TC|137.27
70470|TC|163.9
70480|TC|161.7
70481|TC|191.22
70482|TC|227.83
70486|TC|125.62
70487|TC|143.04
70490|TC|140.47
70491|TC|184.4
70492|TC|231.12
70540|TC|252.66
70551|TC|188.21
70552|TC|276.68
70553|TC|316.79
71100|TC|26.1
71101|TC|29.67
71110|TC|31.06
71111|TC|40.75
71120|TC|24.97
71130|TC|26.09
71250|TC|133.32
71260|TC|170.83
71270|TC|208.88
71550|TC|403.12
72020|TC|16.38
72040|TC|24.97
72050|TC|38.44
72052|TC|49.79
72070|TC|27.35
72072|TC|30.96
72074|TC|36.76
72080|TC|25.93
72100|TC|29.98
72110|TC|43.4
72114|TC|56.92
72120|TC|36.24
72125|TC|129.09
72126|TC|175.44
72127|TC|215.24
72128|TC|132.34
72129|TC|176.8
72130|TC|216.09
72131|TC|131.98
72132|TC|175.44
72133|TC|214.89
72141|TC|181.08
72142|TC|287.28
72146|TC|183.45
72147|TC|284.19
72148|TC|181.42
72149|TC|281.85
72156|TC|319.01
72157|TC|319.36
72158|TC|318.04
72170|TC|22.95
72190|TC|33.04
72192|TC|117.13
72193|TC|222.88
72194|TC|264.42
72196|TC|304.13
72200|TC|21.71
72202|TC|30.96
72220|TC|25.12
72240|TC|70.33
72255|TC|67.4
72265|TC|67.03
72270|TC|79.37
72285|TC|69.17
72295|TC|72.78
73000|TC|21.16
73010|TC|21.78
73020|TC|16.38
73030|TC|25.59
73040|TC|53.81
73050|TC|26.75
73060|TC|21.46
73070|TC|21.46
73080|TC|27.2
73085|TC|73.14
73090|TC|20.57
73092|TC|21.46
73100|TC|17.87
73110|TC|27.41
73115|TC|44.26
73120|TC|17.12
73130|TC|26.32
73140|TC|17.67
73200|TC|168.32
73201|TC|211.69
73202|TC|280.29
73220|TC|448.08
73221|TC|206.55
73525|TC|78.84
73560|TC|20.19
73562|TC|25.15
73564|TC|29.01
73565|TC|21.01
73580|TC|76.45
73590|TC|21.46
73592|TC|21.46
73600|TC|19.92
73610|TC|26.32
73615|TC|79.92
73620|TC|17.87
73630|TC|25.01
73650|TC|19.37
73660|TC|17.22
73700|TC|131.98
73701|TC|175.82
73702|TC|214.7
73720|TC|382.2
73721|TC|206.2
74022|TC|36.75
74150|TC|116.66
74160|TC|221.59
74170|TC|255.65
74181|TC|216.39
74185|TC|376.25
74190|TC|36.16
74210|TC|42.62
74220|TC|40.98
74230|TC|59.57
74235|TC|103.72
74240|TC|103.91
74246|TC|122.33
74250|TC|105.86
74251|TC|480.37
74270|TC|58.08
74280|TC|70.31
74290|TC|43.0
74300|TC|41.59
74301|TC|20.78
74328|TC|110.65
74329|TC|110.65
74330|TC|110.65
74340|TC|18.13
74355|TC|88.7
74360|TC|93.79
74363|TC|113.75
74400|TC|74.49
74410|TC|98.04
74415|TC|118.25
74420|TC|54.22
74425|TC|48.23
74430|TC|28.06
74440|TC|42.62
74445|TC|49.89
74450|TC|39.9
74455|TC|70.4
74470|TC|40.97
74485|TC|86.92
74710|TC|25.88
74740|TC|50.93
75600|TC|227.44
75605|TC|98.32
75625|TC|102.25
75630|TC|104.04
75705|TC|169.78
75710|TC|130.84
75716|TC|143.37
75726|TC|121.45
75731|TC|136.04
75733|TC|148.76
75736|TC|124.31
75741|TC|102.44
75743|TC|104.21
75746|TC|114.47
75756|TC|143.9
75774|TC|87.74
75801|TC|124.74
75803|TC|124.74
75805|TC|112.54
75807|TC|119.18
75809|TC|27.42
75810|TC|376.92
75820|TC|63.12
75822|TC|86.13
75825|TC|90.58
75827|TC|97.16
75842|TC|126.92
75870|TC|120.78
75885|TC|102.71
75898|TC|99.85
75984|TC|67.03
75989|TC|80.96
76000|TC|33.29
76010|TC|22.43
76080|TC|32.37
76098|TC|11.01
76100|TC|54.89
76120|TC|58.98
76125|TC|28.68
76506|TC|66.05
76511|TC|35.95
76512|TC|27.2
76513|TC|60.98
76516|TC|37.61
76519|TC|50.33
76529|TC|51.41
76536|TC|65.98
76700|TC|82.35
76705|TC|60.12
76770|TC|79.89
76775|TC|39.06
76805|TC|90.65
76810|TC|57.67
76815|TC|56.89
76816|TC|47.59
76825|TC|84.15
76826|TC|64.92
76827|TC|52.85
76828|TC|23.9
76830|TC|70.84
76831|TC|76.91
76856|TC|67.93
76857|TC|30.24
76870|TC|47.16
76872|TC|65.01
76873|TC|86.71
76885|TC|82.95
76886|TC|71.98
76932|TC|57.6
76941|TC|74.53
76942|TC|34.85
76946|TC|17.26
76965|TC|31.76
76975|TC|37.1
77261|TC|52.6
77262|TC|79.86
77263|TC|124.14
77280|TC|101.16
77285|TC|160.33
77290|TC|190.07
77295|TC|351.37
77300|TC|42.66
77321|TC|57.43
77331|TC|23.75
77332|TC|33.0
77333|TC|40.67
77334|TC|90.12
77336|TC|47.4
77370|TC|81.92
77431|TC|68.28
77470|TC|46.69
77600|TC|204.09
77610|TC|225.95
77615|TC|296.93
77761|TC|235.91
77762|TC|275.89
77763|TC|354.91
77778|TC|495.24
77789|TC|79.61
77790|TC|9.3
78015|TC|100.97
78016|TC|139.76
78018|TC|163.84
78020|TC|28.92
78070|TC|121.32
78075|TC|290.57
78102|TC|115.03
78110|TC|45.18
78111|TC|67.66
78120|TC|66.27
78121|TC|86.99
78122|TC|101.35
78130|TC|103.01
78140|TC|99.28
78185|TC|112.93
78191|TC|137.34
78195|TC|231.11
78201|TC|100.55
78202|TC|153.37
78215|TC|110.45
78216|TC|130.59
78230|TC|76.48
78231|TC|82.53
78232|TC|101.77
78258|TC|157.71
78261|TC|136.5
78262|TC|136.5
78264|TC|381.7
78278|TC|161.98
78282|TC|49.89
78290|TC|141.16
78291|TC|172.05
78300|TC|97.49
78305|TC|136.06
78306|TC|171.95
78315|TC|163.6
78414|TC|96.81
78445|TC|152.52
78456|TC|183.36
78457|TC|80.42
78458|TC|108.23
78466|TC|105.45
78468|TC|136.42
78472|TC|194.93
78473|TC|277.03
78481|TC|170.01
78483|TC|225.4
78494|TC|222.13
78496|TC|26.38
78580|TC|138.78
78600|TC|149.81
78601|TC|177.88
78605|TC|169.3
78606|TC|207.78
78610|TC|53.08
78630|TC|220.84
78635|TC|197.1
78645|TC|197.1
78650|TC|195.24
78660|TC|107.97
78700|TC|98.32
78701|TC|154.7
78707|TC|226.95
78708|TC|153.99
78709|TC|217.43
78725|TC|92.79
78740|TC|86.17
78761|TC|105.49
78800|TC|107.38
78801|TC|163.33
78802|TC|195.53
79200|TC|61.06
79300|TC|74.48
80168|TC|16.66
80170|TC|16.71
80176|TC|14.99
80178|TC|6.75
80184|TC|9.64
80185|TC|13.52
80186|TC|14.03
80188|TC|16.93
80190|TC|20.93
80192|TC|17.09
80194|TC|14.89
80197|TC|14.01
80198|TC|14.42
80200|TC|16.44
80201|TC|12.15
80202|TC|13.82
80299|TC|14.45
81000|TC|2.96
81001|TC|3.18
81002|TC|2.47
81003|TC|2.25
81005|TC|2.03
81015|TC|2.87
82009|TC|4.31
82010|TC|8.2
82013|TC|11.39
82016|TC|15.14
82017|TC|17.2
82024|TC|39.39
82030|TC|26.31
82040|TC|4.61
82042|TC|3.25
82043|TC|5.83
82085|TC|9.9
82088|TC|41.56
82103|TC|13.7
82104|TC|14.76
82105|TC|97.54
82106|TC|13.8
82108|TC|22.63
82120|TC|4.6
82127|TC|14.15
82128|TC|14.15
82131|TC|21.07
82135|TC|16.79
82136|TC|18.0
82139|TC|17.2
82140|TC|14.86
82143|TC|8.58
82150|TC|6.58
82154|TC|29.41
82157|TC|29.86
82160|TC|25.51
82164|TC|14.89
82172|TC|15.09
82175|TC|19.35
82180|TC|10.09
82232|TC|16.5
82239|TC|16.71
82240|TC|27.12
82247|TC|4.69
82248|TC|5.06
82252|TC|4.65
82261|TC|15.9
82270|TC|3.35
82286|TC|5.26
82300|TC|23.6
82306|TC|28.45
82308|TC|27.32
82310|TC|4.7
82330|TC|13.95
82331|TC|6.46
82340|TC|6.15
82355|TC|11.81
82360|TC|13.13
82365|TC|13.15
82370|TC|12.77
82374|TC|1.56
82375|TC|12.57
82376|TC|6.1
82378|TC|19.34
82379|TC|17.2
82380|TC|9.41
82382|TC|21.48
82383|TC|26.69
82384|TC|25.76
82387|TC|18.41
82390|TC|10.96
82397|TC|14.4
82415|TC|12.92
82435|TC|3.45
82436|TC|5.04
82438|TC|4.98
82441|TC|6.13
82465|TC|4.44
82480|TC|8.03
82482|TC|9.0
82485|TC|21.07
82495|TC|20.69
82507|TC|28.36
82523|TC|19.06
82525|TC|12.66
82528|TC|22.97
82530|TC|17.04
82533|TC|16.63
82540|TC|4.73
82542|TC|17.61
82550|TC|6.64
82552|TC|13.66
82553|TC|11.62
82554|TC|12.11
82565|TC|4.95
82570|TC|5.28
82575|TC|9.64
82585|TC|10.72
82595|TC|6.1
82600|TC|19.78
82607|TC|15.3
82608|TC|14.61
82615|TC|8.77
82626|TC|25.78
82627|TC|22.51
82633|TC|31.6
82634|TC|29.86
82638|TC|12.5
82652|TC|38.07
82657|TC|20.36
82658|TC|22.56
82664|TC|27.55
82668|TC|19.18
82670|TC|28.36
82671|TC|32.95
82672|TC|22.12
82677|TC|24.66
82679|TC|25.45
82693|TC|15.2
82696|TC|24.09
82705|TC|5.2
82710|TC|17.14
82715|TC|21.08
82725|TC|16.64
82726|TC|18.42
82728|TC|13.85
82735|TC|18.91
82746|TC|15.0
82747|TC|13.19
82759|TC|21.88
82760|TC|11.42
82775|TC|21.49
82776|TC|9.07
82784|TC|6.98
82785|TC|16.75
82787|TC|8.18
82800|TC|7.65
82803|TC|13.6
82805|TC|27.88
82810|TC|8.97
82820|TC|12.24
82938|TC|18.05
82941|TC|17.99
82943|TC|14.57
82946|TC|16.32
82947|TC|3.79
82948|TC|3.11
82950|TC|4.81
82951|TC|12.93
82952|TC|3.97
82955|TC|9.89
82960|TC|6.17
82963|TC|21.92
82965|TC|9.66
82977|TC|7.34
82978|TC|14.54
82979|TC|8.61
82985|TC|15.39
83001|TC|18.83
83002|TC|18.8
83003|TC|17.01
83010|TC|12.61
83012|TC|21.48
83015|TC|13.95
83018|TC|22.4
83020|TC|12.54
83021|TC|17.67
83026|TC|2.96
83030|TC|9.86
83033|TC|7.33
83036|TC|9.8
83045|TC|5.96
83050|TC|7.28
83051|TC|7.46
83060|TC|8.43
83065|TC|8.26
83068|TC|8.7
83069|TC|4.03
83070|TC|4.84
83080|TC|17.2
83088|TC|30.12
83150|TC|13.08
83491|TC|17.88
83497|TC|13.15
83498|TC|27.46
83500|TC|23.1
83505|TC|24.79
83516|TC|9.87
83518|TC|6.8
83519|TC|14.08
83520|TC|11.75
83525|TC|11.66
83527|TC|13.21
83528|TC|18.19
83540|TC|6.56
83550|TC|7.91
83570|TC|9.03
83582|TC|14.46
83586|TC|13.06
83593|TC|26.83
83605|TC|10.8
83615|TC|6.16
83625|TC|13.05
83632|TC|20.63
83633|TC|6.86
83655|TC|12.2
83661|TC|22.42
83662|TC|19.28
83670|TC|9.35
83690|TC|6.98
83718|TC|7.75
83719|TC|11.87
83721|TC|9.43
83727|TC|17.53
83735|TC|6.84
83775|TC|7.52
83785|TC|25.08
83789|TC|18.75
83825|TC|16.2
83835|TC|17.28
83857|TC|10.95
83864|TC|18.29
83872|TC|5.98
83873|TC|17.55
83874|TC|13.17
83883|TC|13.87
83885|TC|25.0
83915|TC|11.37
83916|TC|25.13
83918|TC|20.55
83919|TC|16.79
83930|TC|6.75
83935|TC|6.91
83945|TC|13.27
83970|TC|39.98
83986|TC|3.65
84030|TC|5.61
84035|TC|3.73
84060|TC|7.53
84066|TC|9.86
84075|TC|4.74
84078|TC|6.98
84080|TC|15.08
84081|TC|16.85
84085|TC|8.42
84087|TC|10.53
84100|TC|4.83
84105|TC|5.3
84106|TC|5.34
84110|TC|8.61
84119|TC|10.76
84120|TC|15.01
84126|TC|31.82
84132|TC|3.95
84133|TC|4.4
84134|TC|14.31
84135|TC|19.53
84138|TC|19.32
84140|TC|21.09
84143|TC|23.27
84144|TC|21.0
84146|TC|19.63
84150|TC|31.18
84153|TC|18.76
84154|TC|18.76
84155|TC|3.4
84160|TC|5.28
84165|TC|10.96
84181|TC|17.37
84182|TC|22.48
84202|TC|14.63
84203|TC|8.94
84206|TC|22.25
84207|TC|28.65
84210|TC|13.29
84220|TC|9.63
84228|TC|11.87
84233|TC|71.13
84234|TC|60.97
84235|TC|65.39
84238|TC|37.29
84244|TC|22.43
84252|TC|20.64
84255|TC|26.04
84260|TC|31.6
84270|TC|21.48
84275|TC|13.7
84285|TC|24.01
84295|TC|4.03
84300|TC|4.96
84305|TC|21.1
84307|TC|18.65
84311|TC|7.44
84315|TC|3.01
84375|TC|24.49
84376|TC|5.38
84377|TC|5.61
84378|TC|11.75
84379|TC|11.75
84392|TC|5.04
84402|TC|25.98
84403|TC|26.16
84425|TC|21.65
84430|TC|11.87
84432|TC|16.39
84436|TC|6.92
84437|TC|6.6
84439|TC|9.08
84442|TC|15.08
84443|TC|16.94
84445|TC|51.87
84446|TC|13.77
84450|TC|5.06
84460|TC|5.26
84466|TC|12.63
84478|TC|5.76
84479|TC|6.52
84480|TC|14.45
84481|TC|17.18
84482|TC|16.08
84484|TC|9.72
84485|TC|7.34
84488|TC|7.45
84490|TC|9.11
84510|TC|10.61
84512|TC|9.26
84520|TC|3.61
84525|TC|4.7
84540|TC|3.8
84545|TC|6.75
84550|TC|4.6
84560|TC|4.84
84577|TC|15.58
84578|TC|4.06
84580|TC|8.77
84583|TC|5.55
84585|TC|15.81
84588|TC|34.62
84590|TC|11.72
84597|TC|14.0
84600|TC|16.4
84620|TC|12.08
84630|TC|11.61
84681|TC|20.46
84702|TC|15.19
84703|TC|7.41
84830|TC|11.13
85002|TC|4.6
85007|TC|3.11
85008|TC|0.6
85009|TC|4.65
85013|TC|2.33
85014|TC|2.42
85018|TC|2.38
85025|TC|7.75
85027|TC|6.55
85041|TC|3.06
85044|TC|3.03
85045|TC|4.07
85046|TC|5.29
85048|TC|2.59
85130|TC|12.13
85170|TC|4.52
85175|TC|5.68
85210|TC|13.24
85220|TC|18.0
85230|TC|18.26
85240|TC|18.2
85244|TC|20.83
85245|TC|23.4
85246|TC|23.4
85247|TC|23.4
85250|TC|19.43
85260|TC|18.26
85270|TC|18.26
85280|TC|19.74
85290|TC|16.66
85291|TC|9.08
85292|TC|19.31
85293|TC|19.31
85300|TC|12.01
85301|TC|11.03
85302|TC|12.26
85303|TC|14.11
85305|TC|11.84
85306|TC|15.63
85335|TC|13.13
85337|TC|13.02
85345|TC|4.4
85347|TC|4.19
85348|TC|4.12
85360|TC|8.57
85362|TC|6.78
85366|TC|9.83
85370|TC|11.59
85378|TC|7.46
85379|TC|10.39
85384|TC|8.76
85385|TC|10.61
85390|TC|6.46
85400|TC|7.85
85410|TC|7.86
85415|TC|17.53
85420|TC|6.67
85421|TC|7.02
85441|TC|4.28
85445|TC|6.95
85460|TC|7.21
85461|TC|4.79
85475|TC|9.05
85520|TC|13.16
85525|TC|11.59
85530|TC|13.36
85540|TC|8.78
85547|TC|8.78
85549|TC|19.13
85555|TC|6.86
85557|TC|13.62
85576|TC|13.66
85597|TC|18.34
85610|TC|4.0
85611|TC|4.03
85612|TC|11.96
85613|TC|9.7
85635|TC|10.04
85651|TC|2.72
85652|TC|2.75
85660|TC|5.19
85670|TC|5.73
85675|TC|6.98
85705|TC|9.82
85730|TC|6.13
85732|TC|6.6
85810|TC|11.9
86000|TC|6.1
86003|TC|5.32
86021|TC|15.35
86022|TC|18.74
86023|TC|12.7
86038|TC|12.2
86039|TC|11.38
86060|TC|7.45
86063|TC|5.89
86140|TC|5.28
86147|TC|22.97
86148|TC|16.39
86155|TC|16.31
86156|TC|7.41
86157|TC|8.23
86160|TC|12.06
86161|TC|12.24
86162|TC|20.74
86171|TC|10.21
86215|TC|13.51
86225|TC|14.01
86226|TC|12.35
86235|TC|16.74
86255|TC|12.29
86256|TC|11.92
86277|TC|16.05
86280|TC|8.35
86308|TC|5.15
86309|TC|6.6
86310|TC|7.52
86316|TC|21.23
86317|TC|15.28
86318|TC|16.18
86320|TC|27.46
86325|TC|22.81
86327|TC|27.46
86329|TC|14.33
86331|TC|6.77
86332|TC|24.86
86334|TC|22.79
86337|TC|21.84
86340|TC|15.38
86341|TC|20.76
86343|TC|12.7
86344|TC|9.54
86353|TC|50.01
86359|TC|38.48
86360|TC|47.92
86361|TC|27.31
86376|TC|14.84
86382|TC|17.25
86384|TC|12.5
86403|TC|10.59
86406|TC|10.84
86430|TC|5.78
86431|TC|5.76
86590|TC|11.62
86592|TC|4.36
86593|TC|4.49
86602|TC|10.39
86603|TC|13.13
86606|TC|15.35
86609|TC|13.14
86612|TC|13.16
86615|TC|13.45
86617|TC|15.8
86618|TC|17.37
86619|TC|13.64
86622|TC|9.11
86625|TC|13.38
86628|TC|12.24
86631|TC|12.06
86632|TC|12.94
86635|TC|11.7
86638|TC|12.37
86641|TC|14.7
86644|TC|14.21
86645|TC|16.48
86648|TC|15.51
86651|TC|13.45
86652|TC|13.45
86653|TC|13.45
86654|TC|13.45
86658|TC|13.29
86663|TC|13.38
86664|TC|15.61
86665|TC|18.15
86668|TC|12.99
86671|TC|12.5
86674|TC|15.01
86677|TC|14.86
86682|TC|13.27
86684|TC|16.16
86687|TC|8.56
86688|TC|14.29
86689|TC|19.74
86692|TC|17.5
86694|TC|11.95
86695|TC|13.45
86698|TC|12.75
86701|TC|9.07
86702|TC|13.55
86703|TC|13.72
86704|TC|12.29
86705|TC|11.9
86706|TC|10.91
86707|TC|5.37
86708|TC|12.63
86709|TC|11.37
86710|TC|13.83
86713|TC|15.61
86717|TC|12.5
86720|TC|14.03
86723|TC|13.45
86727|TC|13.13
86732|TC|13.77
86735|TC|13.3
86738|TC|13.51
86741|TC|13.45
86744|TC|14.68
86747|TC|15.33
86750|TC|13.45
86753|TC|12.63
86756|TC|12.84
86759|TC|16.48
86762|TC|14.68
86765|TC|13.14
86768|TC|13.45
86771|TC|16.48
86774|TC|15.09
86777|TC|14.68
86778|TC|14.69
86784|TC|12.82
86787|TC|13.06
86790|TC|13.14
86793|TC|13.45
86800|TC|16.19
86803|TC|14.42
86804|TC|15.8
86805|TC|55.68
86806|TC|42.16
86807|TC|43.88
86808|TC|30.27
86812|TC|26.32
86813|TC|59.15
86816|TC|28.41
86817|TC|66.34
86821|TC|22.37
86850|TC|2.98
86860|TC|22.76
86870|TC|18.96
86880|TC|5.5
86885|TC|5.84
86886|TC|4.84
86900|TC|2.73
86901|TC|2.82
86904|TC|7.85
86905|TC|3.84
86906|TC|5.98
86940|TC|8.37
86941|TC|12.14
86945|TC|28.87
86970|TC|19.83
86971|TC|19.83
86972|TC|19.11
86975|TC|19.11
86976|TC|19.11
86977|TC|19.11
86978|TC|22.92
87003|TC|17.18
87015|TC|6.67
87040|TC|10.3
87045|TC|9.55
87070|TC|8.62
87075|TC|9.66
87076|TC|8.24
87081|TC|6.52
87084|TC|10.76
87086|TC|8.2
87088|TC|6.98
87101|TC|7.86
87102|TC|8.54
87103|TC|9.19
87106|TC|9.32
87109|TC|15.7
87110|TC|19.84
87116|TC|10.47
87118|TC|13.4
87140|TC|5.68
87143|TC|12.77
87147|TC|4.49
87158|TC|6.54
87176|TC|6.0
87177|TC|9.08
87181|TC|1.33
87184|TC|4.85
87186|TC|8.69
87187|TC|12.94
87188|TC|6.77
87190|TC|5.23
87197|TC|15.33
87205|TC|3.97
87206|TC|5.5
87207|TC|6.12
87210|TC|4.09
87220|TC|4.28
87230|TC|20.14
87250|TC|19.96
87252|TC|24.43
87253|TC|18.36
87260|TC|11.59
87265|TC|11.59
87270|TC|11.59
87272|TC|11.59
87274|TC|11.59
87276|TC|6.85
87278|TC|11.59
87280|TC|10.14
87285|TC|11.59
87290|TC|11.59
87299|TC|11.59
87301|TC|11.59
87320|TC|11.59
87324|TC|10.1
87328|TC|9.89
87332|TC|11.59
87335|TC|11.59
87340|TC|10.47
87350|TC|11.75
87380|TC|16.86
87385|TC|11.59
87390|TC|18.93
87391|TC|20.1
87420|TC|3.35
87425|TC|10.17
87430|TC|9.39
87449|TC|9.64
87471|TC|35.79
87472|TC|43.7
87475|TC|20.45
87476|TC|35.79
87480|TC|20.46
87481|TC|35.79
87482|TC|51.17
87485|TC|20.45
87486|TC|35.79
87487|TC|43.7
87490|TC|19.7
87491|TC|35.77
87492|TC|43.67
87495|TC|25.05
87496|TC|35.79
87497|TC|43.7
87510|TC|20.46
87511|TC|35.79
87512|TC|42.6
87516|TC|35.79
87517|TC|43.7
87520|TC|25.05
87521|TC|35.79
87522|TC|43.7
87525|TC|25.05
87526|TC|36.04
87527|TC|42.6
87528|TC|20.45
87529|TC|35.26
87530|TC|43.7
87531|TC|25.05
87532|TC|35.79
87533|TC|42.6
87534|TC|20.46
87535|TC|35.79
87536|TC|86.8
87537|TC|20.45
87538|TC|35.79
87539|TC|53.51
87540|TC|20.46
87541|TC|35.79
87542|TC|42.6
87550|TC|20.46
87551|TC|43.85
87552|TC|43.7
87555|TC|24.67
87556|TC|38.26
87557|TC|43.7
87560|TC|25.05
87561|TC|35.79
87562|TC|43.7
87580|TC|20.46
87581|TC|35.79
87582|TC|52.17
87590|TC|14.47
87591|TC|35.65
87592|TC|43.7
87650|TC|20.46
87651|TC|35.79
87652|TC|42.6
87797|TC|25.05
87798|TC|34.6
87799|TC|43.7
87810|TC|11.59
87850|TC|11.59
87880|TC|8.02
87899|TC|5.59
88104|TC|7.41
88106|TC|7.41
88108|TC|8.3
88130|TC|4.58
88140|TC|2.04
88142|TC|5.16
88143|TC|5.29
88147|TC|3.55
88148|TC|3.87
88150|TC|3.3
88152|TC|3.3
88153|TC|3.3
88155|TC|1.87
88160|TC|9.17
88161|TC|5.93
88162|TC|13.97
88164|TC|2.77
88165|TC|3.3
88166|TC|3.3
88167|TC|3.3
88172|TC|8.12
88173|TC|14.91
88230|TC|28.97
88233|TC|35.88
88235|TC|21.52
88237|TC|28.58
88239|TC|37.62
88240|TC|2.29
88241|TC|2.29
88245|TC|43.53
88248|TC|44.16
88249|TC|44.16
88261|TC|54.51
88262|TC|30.93
88263|TC|38.32
88264|TC|33.19
88267|TC|45.84
88269|TC|42.41
88271|TC|4.82
88272|TC|8.36
88273|TC|8.19
88274|TC|9.73
88275|TC|9.09
88280|TC|5.5
88283|TC|2.79
88285|TC|2.18
88289|TC|3.47
88300|TC|2.4
88302|TC|6.01
88304|TC|8.74
88305|TC|11.76
88307|TC|25.14
88309|TC|53.21
88311|TC|2.27
88312|TC|9.42
88313|TC|11.06
88314|TC|12.4
88319|TC|19.73
88342|TC|15.43
88346|TC|16.08
88348|TC|68.19
88355|TC|33.65
88358|TC|19.16
88362|TC|51.78
88371|TC|5.67
88372|TC|6.02
89050|TC|1.02
89051|TC|1.39
89060|TC|1.82
89125|TC|1.35
89160|TC|1.11
89190|TC|1.33
91010|TC|20.82
91020|TC|23.78
91030|TC|7.54
91065|TC|10.86
91122|TC|19.05
92060|TC|10.66
92081|TC|10.87
92082|TC|11.24
92083|TC|9.63
92235|TC|51.58
92240|TC|42.45
92250|TC|13.29
92265|TC|13.94
92270|TC|10.51
92283|TC|5.54
92284|TC|6.73
92541|TC|12.54
92542|TC|11.99
92544|TC|11.99
92545|TC|11.99
92546|TC|11.99
92547|TC|11.99
92587|TC|49.99
92588|TC|51.47
92978|TC|203.5
92979|TC|102.78
93024|TC|44.98
93303|TC|140.14
93304|TC|70.65
93307|TC|129.18
93308|TC|64.59
93312|TC|55.85
93315|TC|69.29
93320|TC|65.9
93321|TC|33.51
93325|TC|108.36
93350|TC|68.94
93505|TC|75.03
93571|TC|233.35
93572|TC|232.14
93600|TC|65.65
93602|TC|34.93
93603|TC|66.27
93609|TC|75.9
93610|TC|31.89
93612|TC|36.45
93615|TC|23.52
93616|TC|13.41
93618|TC|73.59
93619|TC|256.67
93620|TC|270.85
93621|TC|300.94
93622|TC|300.94
93624|TC|86.04
93631|TC|265.86
93640|TC|284.3
93641|TC|280.43
93642|TC|278.55
93724|TC|138.05
93880|TC|168.51
93882|TC|94.05
93886|TC|221.97
93888|TC|147.49
93922|TC|50.82
93923|TC|96.36
93924|TC|105.33
93925|TC|104.21
93926|TC|104.72
93930|TC|105.4
93931|TC|93.89
93970|TC|173.75
93971|TC|101.89
93975|TC|175.13
93976|TC|175.32
93978|TC|171.88
93979|TC|96.72
93980|TC|166.3
93981|TC|153.33
93990|TC|88.51
94010|TC|21.17
94060|TC|38.75
94150|TC|4.79
94200|TC|14.11
94375|TC|19.98
94450|TC|20.83
94621|TC|82.87
94680|TC|35.29
94681|TC|70.57
94690|TC|12.79
95805|TC|182.48
95807|TC|184.88
95808|TC|184.49
95810|TC|274.6
95811|TC|271.95
95812|TC|57.51
95813|TC|63.88
95816|TC|56.37
95819|TC|43.83
95822|TC|50.36
95824|TC|14.64
95829|TC|9.57
95860|TC|17.88
95861|TC|31.05
95863|TC|36.77
95864|TC|77.63
95867|TC|22.83
95868|TC|24.52
95869|TC|9.41
95870|TC|6.97
95872|TC|24.17
95875|TC|16.88
95925|TC|54.7
95926|TC|79.49
95927|TC|79.49
95930|TC|10.37
95937|TC|7.99
95955|TC|79.72
95957|TC|96.8
95958|TC|70.93
